1686750140.8935988 ,b'Port,1,128.427400,-1.161200,1597.244000,-1.663000,103.986500,1.527400,155.629600,1.270000,31.371200,-3.800700,35.010000,-3.306000',b'Port,2,1.000000,1.000000,1.000000,1.000000,1.000000,1.000000,1.000000,1.000000,1.000000,1.000000,1.000000,1.000000',b'Port,3,0.000000,0.000000,0.000000,0.000000,0.000000,0.000000,0.000000,0.000000,0.000000,0.000000,0.000000,0.000000',b'Port,4,166.914400,-1.520600,77.143700,1.852800,33.288200,-0.755300,314.535800,-0.432000,73.755500,-1.396600,58.921600,-1.894100'
1686750140.89393 ,b'Port,1,114.625100,-1.076100,734.963300,-0.435200,100.830500,1.671900,152.836400,1.203300,45.129500,-3.378400,34.417900,-3.331600',b'Port,2,1.000000,1.000000,1.000000,1.000000,1.000000,1.000000,1.000000,1.000000,1.000000,1.000000,1.000000,1.000000',b'Port,3,0.000000,0.000000,0.000000,0.000000,0.000000,0.000000,0.000000,0.000000,0.000000,0.000000,0.000000,0.000000',b'Port,4,168.920300,-1.554100,77.872200,1.852200,33.749500,-0.768600,402.005500,-0.495000,74.538200,-1.411200,59.868400,-1.860700'
1686750140.8942223 ,b'Port,1,134.310800,-1.049000,809.749200,-0.461000,106.869000,1.524400,172.513600,1.202400,32.681600,-3.782400,35.200100,-3.332700',b'Port,2,1.000000,1.000000,1.000000,1.000000,1.000000,1.000000,1.000000,1.000000,1.000000,1.000000,1.000000,1.000000',b'Port,3,0.000000,0.000000,0.000000,0.000000,0.000000,0.000000,0.000000,0.000000,0.000000,0.000000,0.000000,0.000000',b'Port,4,168.003200,-1.500000,77.176800,1.855400,33.011700,-0.758900,590.697500,-0.081600,73.140300,-1.490100,58.256500,-1.890600'
1686750140.8944993 ,b'Port,1,136.958900,-0.981400,713.644300,-0.730100,94.211600,1.382100,147.722900,1.287000,35.014100,-3.719900,35.367800,-3.327700',b'Port,2,1.000000,1.000000,1.000000,1.000000,1.000000,1.000000,1.000000,1.000000,1.000000,1.000000,1.000000,1.000000',b'Port,3,0.000000,0.000000,0.000000,0.000000,0.000000,0.000000,0.000000,0.000000,0.000000,0.000000,0.000000,0.000000',b'Port,4,177.417600,-1.459400,77.752400,1.813300,33.691300,-0.759800,976.328800,0.264000,77.883200,-1.504500,57.782500,-1.880400'
1686750140.9433255 ,b'Port,1,133.709100,-1.019400,572.707200,-1.293700,95.153300,1.462600,164.680800,1.146700,24.875600,-3.957100,34.910800,-3.326800',b'Port,2,1.000000,1.000000,1.000000,1.000000,1.000000,1.000000,1.000000,1.000000,1.000000,1.000000,1.000000,1.000000',b'Port,3,0.000000,0.000000,0.000000,0.000000,0.000000,0.000000,0.000000,0.000000,0.000000,0.000000,0.000000,0.000000',b'Port,4,177.877300,-1.515600,74.726700,1.848500,34.197300,-0.766700,708.380200,0.516500,76.878300,-1.592000,57.405800,-1.897400'
1686750141.1536956 ,b'Port,1,135.002600,-1.036100,500.272000,-0.693500,93.891400,1.408900,155.311100,1.205700,25.187600,-3.962800,34.829400,-3.318900',b'Port,2,1.000000,1.000000,1.000000,1.000000,1.000000,1.000000,1.000000,1.000000,1.000000,1.000000,1.000000,1.000000',b'Port,3,0.000000,0.000000,0.000000,0.000000,0.000000,0.000000,0.000000,0.000000,0.000000,0.000000,0.000000,0.000000',b'Port,4,173.108400,-1.377300,76.815400,1.810100,34.253900,-0.765400,784.319000,1.332100,77.452600,-1.529000,57.216900,-1.948600'
1686750141.3643854 ,b'Port,1,144.576400,-1.063000,91.655300,0.555600,88.097900,1.379500,161.127500,1.146100,34.292700,-3.726000,35.909100,-3.315500',b'Port,2,1.000000,1.000000,1.000000,1.000000,1.000000,1.000000,1.000000,1.000000,1.000000,1.000000,1.000000,1.000000',b'Port,3,0.000000,0.000000,0.000000,0.000000,0.000000,0.000000,0.000000,0.000000,0.000000,0.000000,0.000000,0.000000',b'Port,4,164.728600,-1.485900,73.896400,1.830100,34.303600,-0.759600,842.036000,1.341800,76.128500,-1.510000,57.343500,-1.917300'
1686750141.580123 ,b'Port,1,117.654800,-0.992100,654.020600,-1.650500,88.208000,1.400900,182.212300,1.102800,24.993000,-3.970100,34.171700,-3.322700',b'Port,2,1.000000,1.000000,1.000000,1.000000,1.000000,1.000000,1.000000,1.000000,1.000000,1.000000,1.000000,1.000000',b'Port,3,0.000000,0.000000,0.000000,0.000000,0.000000,0.000000,0.000000,0.000000,0.000000,0.000000,0.000000,0.000000',b'Port,4,160.804500,-1.436500,77.113600,1.825400,33.756000,-0.757900,730.882200,1.016300,77.733800,-1.596600,57.769500,-1.905300'
1686750141.790795 ,b'Port,1,132.033000,-1.178800,723.007500,-1.219500,94.388100,1.390000,142.292800,1.218200,34.485800,-3.727300,37.016500,-3.313700',b'Port,2,1.000000,1.000000,1.000000,1.000000,1.000000,1.000000,1.000000,1.000000,1.000000,1.000000,1.000000,1.000000',b'Port,3,0.000000,0.000000,0.000000,0.000000,0.000000,0.000000,0.000000,0.000000,0.000000,0.000000,0.000000,0.000000',b'Port,4,163.427900,-1.530500,77.785000,1.846600,34.078300,-0.760800,689.637800,1.458700,77.478700,-1.570800,57.798100,-1.898200'
1686750142.0014896 ,b'Port,1,128.342700,-1.082200,483.526100,-0.857700,95.177700,1.425500,55.332200,1.778900,25.359300,-3.986700,34.193600,-3.343200',b'Port,2,1.000000,1.000000,1.000000,1.000000,1.000000,1.000000,1.000000,1.000000,1.000000,1.000000,1.000000,1.000000',b'Port,3,0.000000,0.000000,0.000000,0.000000,0.000000,0.000000,0.000000,0.000000,0.000000,0.000000,0.000000,0.000000',b'Port,4,165.389300,-1.364400,73.098200,1.830000,33.663400,-0.756900,793.729800,0.998700,77.917400,-1.557200,58.153400,-1.905400'
1686750142.2121897 ,b'Port,1,112.021700,-0.945400,521.576600,-1.468900,93.762900,1.356000,142.194300,1.300300,35.150700,-3.734300,34.914100,-3.337400',b'Port,2,1.000000,1.000000,1.000000,1.000000,1.000000,1.000000,1.000000,1.000000,1.000000,1.000000,1.000000,1.000000',b'Port,3,0.000000,0.000000,0.000000,0.000000,0.000000,0.000000,0.000000,0.000000,0.000000,0.000000,0.000000,0.000000',b'Port,4,179.024400,-1.440800,75.098900,1.848700,33.781900,-0.755500,757.416900,0.944200,76.793600,-1.537600,58.078500,-1.930700'
1686750142.4228852 ,b'Port,1,120.332800,-1.072300,707.093200,-0.938900,95.224600,1.382900,164.236300,1.269900,25.023200,-3.967100,36.202000,-3.307500',b'Port,2,1.000000,1.000000,1.000000,1.000000,1.000000,1.000000,1.000000,1.000000,1.000000,1.000000,1.000000,1.000000',b'Port,3,0.000000,0.000000,0.000000,0.000000,0.000000,0.000000,0.000000,0.000000,0.000000,0.000000,0.000000,0.000000',b'Port,4,176.522400,-1.600000,76.675800,1.838900,34.025200,-0.748400,611.953600,0.171200,75.148200,-1.455800,58.440900,-1.909900'
1686750142.633617 ,b'Port,1,124.786500,-1.039200,777.151100,-1.375200,98.774500,1.479200,162.517900,1.254500,34.378300,-3.731800,34.877600,-3.336400',b'Port,2,1.000000,1.000000,1.000000,1.000000,1.000000,1.000000,1.000000,1.000000,1.000000,1.000000,1.000000,1.000000',b'Port,3,0.000000,0.000000,0.000000,0.000000,0.000000,0.000000,0.000000,0.000000,0.000000,0.000000,0.000000,0.000000',b'Port,4,169.145800,-1.595600,75.507200,1.835000,33.965000,-0.767000,711.372600,-0.050300,74.107900,-1.464400,59.478100,-1.893500'
1686750142.8442788 ,b'Port,1,117.418000,-1.024500,813.336100,-1.396800,103.237200,1.434100,159.096000,1.251100,25.267900,-3.979800,35.315100,-3.315200',b'Port,2,1.000000,1.000000,1.000000,1.000000,1.000000,1.000000,1.000000,1.000000,1.000000,1.000000,1.000000,1.000000',b'Port,3,0.000000,0.000000,0.000000,0.000000,0.000000,0.000000,0.000000,0.000000,0.000000,0.000000,0.000000,0.000000',b'Port,4,163.530200,-1.357700,75.426000,1.818300,33.715300,-0.779900,427.206900,-0.346200,73.529600,-1.476000,60.219300,-1.847900'
1686750143.0551867 ,b'Port,1,117.230000,-1.062100,837.804100,-1.327300,103.061000,1.424800,147.582200,1.228400,24.874600,-3.983600,35.175000,-3.346000',b'Port,2,1.000000,1.000000,1.000000,1.000000,1.000000,1.000000,1.000000,1.000000,1.000000,1.000000,1.000000,1.000000',b'Port,3,0.000000,0.000000,0.000000,0.000000,0.000000,0.000000,0.000000,0.000000,0.000000,0.000000,0.000000,0.000000',b'Port,4,151.456400,-1.531000,78.998200,1.820900,33.624700,-0.766900,568.787000,-0.142400,75.950400,-1.472600,59.307100,-1.894400'
1686750143.265676 ,b'Port,1,128.451400,-1.020200,564.166900,-0.595000,97.670400,1.426500,136.989400,1.345700,43.258300,-3.389400,34.772200,-3.342400',b'Port,2,1.000000,1.000000,1.000000,1.000000,1.000000,1.000000,1.000000,1.000000,1.000000,1.000000,1.000000,1.000000',b'Port,3,0.000000,0.000000,0.000000,0.000000,0.000000,0.000000,0.000000,0.000000,0.000000,0.000000,0.000000,0.000000',b'Port,4,170.083300,-1.424300,75.881500,1.827200,34.055500,-0.767100,619.817000,0.377600,75.629900,-1.476600,58.915000,-1.927200'
1686750143.476466 ,b'Port,1,110.443300,-0.949200,760.955600,-1.506800,93.146700,1.384600,56.864400,1.838100,24.687600,-3.972500,35.572300,-3.326200',b'Port,2,1.000000,1.000000,1.000000,1.000000,1.000000,1.000000,1.000000,1.000000,1.000000,1.000000,1.000000,1.000000',b'Port,3,0.000000,0.000000,0.000000,0.000000,0.000000,0.000000,0.000000,0.000000,0.000000,0.000000,0.000000,0.000000',b'Port,4,178.151700,-1.468200,78.336600,1.825500,33.703600,-0.748600,841.883100,0.574900,76.938600,-1.535400,58.124100,-1.930300'
1686750143.6871152 ,b'Port,1,132.907700,-1.247200,589.991500,-0.891200,92.822700,1.382800,55.696300,1.782000,25.487800,-3.978100,36.023600,-3.301200',b'Port,2,1.000000,1.000000,1.000000,1.000000,1.000000,1.000000,1.000000,1.000000,1.000000,1.000000,1.000000,1.000000',b'Port,3,0.000000,0.000000,0.000000,0.000000,0.000000,0.000000,0.000000,0.000000,0.000000,0.000000,0.000000,0.000000',b'Port,4,171.298600,-1.524300,76.600000,1.835500,33.672100,-0.771100,785.012900,0.841000,77.379900,-1.571900,59.198600,-1.926600'
1686750143.8978152 ,b'Port,1,150.337700,-1.203400,571.254500,-0.537000,88.361400,1.224600,134.523400,1.340700,34.528500,-3.732500,35.338100,-3.323500',b'Port,2,1.000000,1.000000,1.000000,1.000000,1.000000,1.000000,1.000000,1.000000,1.000000,1.000000,1.000000,1.000000',b'Port,3,0.000000,0.000000,0.000000,0.000000,0.000000,0.000000,0.000000,0.000000,0.000000,0.000000,0.000000,0.000000',b'Port,4,178.391100,-1.589900,73.857900,1.821700,33.691100,-0.766200,702.564100,0.813000,77.079300,-1.566200,58.321200,-1.911300'
1686750144.1085093 ,b'Port,1,124.511600,-1.015100,471.390100,-0.933600,86.760400,1.302800,134.515800,1.309900,25.165400,-3.978100,35.134800,-3.333100',b'Port,2,1.000000,1.000000,1.000000,1.000000,1.000000,1.000000,1.000000,1.000000,1.000000,1.000000,1.000000,1.000000',b'Port,3,0.000000,0.000000,0.000000,0.000000,0.000000,0.000000,0.000000,0.000000,0.000000,0.000000,0.000000,0.000000',b'Port,4,162.944000,-1.494100,77.009500,1.824000,33.379600,-0.752200,649.811200,0.616100,77.998900,-1.565200,59.899500,-1.891600'
1686750144.319228 ,b'Port,1,112.219500,-0.852700,620.219100,-0.634700,91.696200,1.338700,52.726500,1.778800,35.029300,-3.732200,34.002700,-3.330500',b'Port,2,1.000000,1.000000,1.000000,1.000000,1.000000,1.000000,1.000000,1.000000,1.000000,1.000000,1.000000,1.000000',b'Port,3,0.000000,0.000000,0.000000,0.000000,0.000000,0.000000,0.000000,0.000000,0.000000,0.000000,0.000000,0.000000',b'Port,4,169.186200,-1.520500,79.061300,1.819300,33.844200,-0.760000,693.907900,1.594200,77.206800,-1.603500,57.561400,-1.937300'
1686750144.529879 ,b'Port,1,132.727600,-1.034300,591.826300,-1.126400,91.909600,1.307900,144.797800,1.309500,45.182200,-3.339600,35.298900,-3.344100',b'Port,2,1.000000,1.000000,1.000000,1.000000,1.000000,1.000000,1.000000,1.000000,1.000000,1.000000,1.000000,1.000000',b'Port,3,0.000000,0.000000,0.000000,0.000000,0.000000,0.000000,0.000000,0.000000,0.000000,0.000000,0.000000,0.000000',b'Port,4,161.422000,-1.591400,73.788700,1.857300,33.322900,-0.755400,631.308300,1.020600,77.728800,-1.525700,59.081100,-1.906700'
1686750144.7405808 ,b'Port,1,126.421400,-1.050300,95.623800,0.598300,86.384500,1.321000,137.574600,1.359200,34.495600,-3.732600,34.992300,-3.321500',b'Port,2,1.000000,1.000000,1.000000,1.000000,1.000000,1.000000,1.000000,1.000000,1.000000,1.000000,1.000000,1.000000',b'Port,3,0.000000,0.000000,0.000000,0.000000,0.000000,0.000000,0.000000,0.000000,0.000000,0.000000,0.000000,0.000000',b'Port,4,185.189400,-1.519300,76.495200,1.804100,34.099000,-0.749000,764.308600,1.421400,76.793600,-1.607500,58.326500,-1.919200'
1686750144.95127 ,b'Port,1,129.419600,-1.034300,554.209000,-0.704800,88.215800,1.305900,139.809800,1.312200,34.369100,-3.738000,35.799500,-3.307600',b'Port,2,1.000000,1.000000,1.000000,1.000000,1.000000,1.000000,1.000000,1.000000,1.000000,1.000000,1.000000,1.000000',b'Port,3,0.000000,0.000000,0.000000,0.000000,0.000000,0.000000,0.000000,0.000000,0.000000,0.000000,0.000000,0.000000',b'Port,4,169.071500,-1.591300,77.651000,1.811200,33.873200,-0.761700,652.005600,1.177800,77.686800,-1.593700,58.939600,-1.888900'
1686750145.161966 ,b'Port,1,115.798400,-0.954400,591.235400,-1.378400,90.204100,1.269900,151.176900,1.344100,25.198600,-3.980100,35.387000,-3.333100',b'Port,2,1.000000,1.000000,1.000000,1.000000,1.000000,1.000000,1.000000,1.000000,1.000000,1.000000,1.000000,1.000000',b'Port,3,0.000000,0.000000,0.000000,0.000000,0.000000,0.000000,0.000000,0.000000,0.000000,0.000000,0.000000,0.000000',b'Port,4,175.647800,-1.552700,73.447500,1.827400,33.740900,-0.762100,641.338100,1.192700,78.543700,-1.623300,57.860000,-1.912000'
1686750145.3756633 ,b'Port,1,118.571200,-0.994100,604.193200,-0.756900,87.788200,1.239800,170.361800,1.279600,35.177800,-3.722500,35.193500,-3.340500',b'Port,2,1.000000,1.000000,1.000000,1.000000,1.000000,1.000000,1.000000,1.000000,1.000000,1.000000,1.000000,1.000000',b'Port,3,0.000000,0.000000,0.000000,0.000000,0.000000,0.000000,0.000000,0.000000,0.000000,0.000000,0.000000,0.000000',b'Port,4,175.163800,-1.563200,73.964100,1.828300,34.107000,-0.758800,594.853900,-0.098800,72.332100,-1.428000,59.578000,-1.863400'
1686750145.5863638 ,b'Port,1,125.715600,-0.967000,511.630800,-0.379600,92.006200,1.398300,130.716400,1.290200,35.107600,-3.712600,35.552900,-3.321700',b'Port,2,1.000000,1.000000,1.000000,1.000000,1.000000,1.000000,1.000000,1.000000,1.000000,1.000000,1.000000,1.000000',b'Port,3,0.000000,0.000000,0.000000,0.000000,0.000000,0.000000,0.000000,0.000000,0.000000,0.000000,0.000000,0.000000',b'Port,4,149.975300,-1.405200,72.251500,1.887400,30.654300,-0.739200,743.989300,1.052200,57.086500,-1.371000,56.090000,-2.102200'
1686750145.797077 ,b'Port,1,124.225100,-0.903000,518.082300,-0.308600,44.103800,1.758100,68.069300,1.295900,25.951900,-3.973900,38.847200,-3.284500',b'Port,2,1.000000,1.000000,1.000000,1.000000,1.000000,1.000000,1.000000,1.000000,1.000000,1.000000,1.000000,1.000000',b'Port,3,0.000000,0.000000,0.000000,0.000000,0.000000,0.000000,0.000000,0.000000,0.000000,0.000000,0.000000,0.000000',b'Port,4,159.054900,-1.411100,75.841000,1.857300,25.568300,-0.724100,199.422100,1.876800,45.831200,-1.888400,30.963500,3.656800'
1686750146.0077477 ,b'Port,1,122.496800,-0.712900,61.126700,0.485100,27.179100,1.619300,42.450100,1.639200,39.667800,-3.647200,29.980400,-3.325000',b'Port,2,1.000000,1.000000,1.000000,1.000000,1.000000,1.000000,1.000000,1.000000,1.000000,1.000000,1.000000,1.000000',b'Port,3,0.000000,0.000000,0.000000,0.000000,0.000000,0.000000,0.000000,0.000000,0.000000,0.000000,0.000000,0.000000',b'Port,4,134.982400,-1.276500,75.231800,1.904800,24.128500,-0.704900,316.189000,1.569500,38.513000,-1.704500,21.194200,3.444800'
1686750146.218477 ,b'Port,1,103.890700,-0.372200,46.886800,0.229400,37.387800,1.893600,59.548400,1.462500,29.204000,-3.879500,26.217000,2.824100',b'Port,2,1.000000,1.000000,1.000000,1.000000,1.000000,1.000000,1.000000,1.000000,1.000000,1.000000,1.000000,1.000000',b'Port,3,0.000000,0.000000,0.000000,0.000000,0.000000,0.000000,0.000000,0.000000,0.000000,0.000000,0.000000,0.000000',b'Port,4,110.091200,-1.082500,85.614000,2.253900,28.194300,-0.656000,113.760900,-0.644700,31.078000,-0.973600,40.876800,3.644100'
1686750146.4291303 ,b'Port,1,79.794600,-0.233300,41.272500,-0.270400,87.444400,1.725200,375.609300,1.690400,40.070600,-3.787600,31.884000,-3.367800',b'Port,2,1.000000,1.000000,1.000000,1.000000,1.000000,1.000000,1.000000,1.000000,1.000000,1.000000,1.000000,1.000000',b'Port,3,0.000000,0.000000,0.000000,0.000000,0.000000,0.000000,0.000000,0.000000,0.000000,0.000000,0.000000,0.000000',b'Port,4,101.992300,-1.076300,92.473900,-3.785000,27.884900,-0.615600,70.553500,-0.720700,29.637300,-0.870300,46.823900,3.660400'
1686750146.6398385 ,b'Port,1,79.365500,-0.232900,36.784000,-0.282000,75.639600,2.181000,155.715800,1.549900,38.163200,-3.923500,31.629100,-3.301300',b'Port,2,1.000000,1.000000,1.000000,1.000000,1.000000,1.000000,1.000000,1.000000,1.000000,1.000000,1.000000,1.000000',b'Port,3,0.000000,0.000000,0.000000,0.000000,0.000000,0.000000,0.000000,0.000000,0.000000,0.000000,0.000000,0.000000',b'Port,4,100.871900,-1.155400,110.213500,-3.395900,26.212900,-0.515400,87.338400,-0.670400,23.799100,-0.886200,27.391300,3.383900'
1686750146.8515244 ,b'Port,1,113.266600,-0.627100,29.979600,-0.188900,40.540600,2.085800,63.390500,1.338600,33.551500,-4.104300,23.265500,-3.376500',b'Port,2,1.000000,1.000000,1.000000,1.000000,1.000000,1.000000,1.000000,1.000000,1.000000,1.000000,1.000000,1.000000',b'Port,3,0.000000,0.000000,0.000000,0.000000,0.000000,0.000000,0.000000,0.000000,0.000000,0.000000,0.000000,0.000000',b'Port,4,93.121300,-0.997900,82.772700,-2.640400,24.887400,-0.418800,87.920000,-0.511100,24.742500,-0.879100,21.670100,3.303400'
1686750147.0622156 ,b'Port,1,140.371700,-0.791400,29.067600,-0.168000,43.158900,2.063600,62.811500,1.226000,33.051200,-4.093100,23.495600,-3.368300',b'Port,2,1.000000,1.000000,1.000000,1.000000,1.000000,1.000000,1.000000,1.000000,1.000000,1.000000,1.000000,1.000000',b'Port,3,0.000000,0.000000,0.000000,0.000000,0.000000,0.000000,0.000000,0.000000,0.000000,0.000000,0.000000,0.000000',b'Port,4,99.015800,-1.098600,97.880500,-3.102700,27.921300,-0.451700,48.110700,-0.695800,24.442500,-0.792700,31.098800,3.406300'
1686750147.2729092 ,b'Port,1,144.613000,-0.849200,29.883600,-0.200900,46.169600,2.206100,69.141100,1.624200,34.191000,-4.097400,22.543200,-3.415700',b'Port,2,1.000000,1.000000,1.000000,1.000000,1.000000,1.000000,1.000000,1.000000,1.000000,1.000000,1.000000,1.000000',b'Port,3,0.000000,0.000000,0.000000,0.000000,0.000000,0.000000,0.000000,0.000000,0.000000,0.000000,0.000000,0.000000',b'Port,4,99.248000,-1.016300,102.076700,-2.984000,26.857800,-0.564000,41.300000,-0.702000,27.252200,-0.819400,33.837600,3.419200'
1686750147.483617 ,b'Port,1,126.118600,-0.587900,30.748000,-0.154300,42.523900,2.128500,63.468800,1.499300,33.228000,-4.090700,22.889700,-3.395000',b'Port,2,1.000000,1.000000,1.000000,1.000000,1.000000,1.000000,1.000000,1.000000,1.000000,1.000000,1.000000,1.000000',b'Port,3,0.000000,0.000000,0.000000,0.000000,0.000000,0.000000,0.000000,0.000000,0.000000,0.000000,0.000000,0.000000',b'Port,4,100.703100,-0.928100,74.100200,-2.361700,23.728800,-0.489200,39.503000,-0.612700,61.446400,-1.383600,22.230900,3.340900'
1686750147.6943007 ,b'Port,1,142.181200,-0.459400,28.065900,-0.091700,39.983700,2.090800,47.966900,1.229300,34.290100,-4.128600,25.050000,-3.339900',b'Port,2,1.000000,1.000000,1.000000,1.000000,1.000000,1.000000,1.000000,1.000000,1.000000,1.000000,1.000000,1.000000',b'Port,3,0.000000,0.000000,0.000000,0.000000,0.000000,0.000000,0.000000,0.000000,0.000000,0.000000,0.000000,0.000000',b'Port,4,105.697400,-0.965200,56.837700,-2.297400,25.489300,-0.379900,38.802500,-0.593600,72.428600,-2.592200,25.099700,3.436400'
1686750147.905031 ,b'Port,1,200.857500,-0.576800,28.376300,-0.086000,40.293000,2.211900,58.463500,1.289400,32.586400,-4.115700,24.984400,-3.358600',b'Port,2,1.000000,1.000000,1.000000,1.000000,1.000000,1.000000,1.000000,1.000000,1.000000,1.000000,1.000000,1.000000',b'Port,3,0.000000,0.000000,0.000000,0.000000,0.000000,0.000000,0.000000,0.000000,0.000000,0.000000,0.000000,0.000000',b'Port,4,102.784100,-1.073600,101.438900,-2.720100,24.824200,-0.590900,33.247400,-0.710800,41.108300,-0.939100,40.977800,3.556400'
1686750148.1156898 ,b'Port,1,184.118100,-0.639400,28.753200,-0.112300,41.275200,2.392900,59.772200,1.699700,33.006800,-4.052200,23.208600,-3.408500',b'Port,2,1.000000,1.000000,1.000000,1.000000,1.000000,1.000000,1.000000,1.000000,1.000000,1.000000,1.000000,1.000000',b'Port,3,0.000000,0.000000,0.000000,0.000000,0.000000,0.000000,0.000000,0.000000,0.000000,0.000000,0.000000,0.000000',b'Port,4,104.437000,-0.980500,67.802900,-2.340300,25.870000,-0.522000,33.142100,-0.663400,61.381000,-1.285200,22.569300,3.322800'
1686750148.3263843 ,b'Port,1,117.866600,-0.319500,32.158500,-0.103600,37.173900,2.263600,55.417300,1.444100,53.322800,-3.763400,25.003200,-3.330500',b'Port,2,1.000000,1.000000,1.000000,1.000000,1.000000,1.000000,1.000000,1.000000,1.000000,1.000000,1.000000,1.000000',b'Port,3,0.000000,0.000000,0.000000,0.000000,0.000000,0.000000,0.000000,0.000000,0.000000,0.000000,0.000000,0.000000',b'Port,4,107.417400,-1.012500,53.825700,-2.203900,23.253900,-0.487300,33.230000,-0.628800,58.910300,3.314600,24.085300,3.392000'
1686750148.5370872 ,b'Port,1,166.692500,-0.290200,29.807700,-0.084100,38.756700,2.253000,54.469300,1.345400,32.730100,-4.078300,24.625400,-3.348500',b'Port,2,1.000000,1.000000,1.000000,1.000000,1.000000,1.000000,1.000000,1.000000,1.000000,1.000000,1.000000,1.000000',b'Port,3,0.000000,0.000000,0.000000,0.000000,0.000000,0.000000,0.000000,0.000000,0.000000,0.000000,0.000000,0.000000',b'Port,4,107.102700,-1.035800,112.586400,-2.836700,24.618000,-0.607200,31.736000,-0.724500,41.062000,-0.900500,38.868100,3.505900'
1686750148.747776 ,b'Port,1,194.424300,-0.627600,28.711700,-0.112700,41.468500,2.500800,138.953700,1.239500,56.892900,-3.780600,18.993100,2.691600',b'Port,2,1.000000,1.000000,1.000000,1.000000,1.000000,1.000000,1.000000,1.000000,1.000000,1.000000,1.000000,1.000000',b'Port,3,0.000000,0.000000,0.000000,0.000000,0.000000,0.000000,0.000000,0.000000,0.000000,0.000000,0.000000,0.000000',b'Port,4,97.058300,-1.039700,89.215800,-2.588900,26.555400,-0.554700,34.630200,-0.704700,40.117500,-0.927000,31.122600,3.404800'
1686750148.9584825 ,b'Port,1,177.290600,-0.335200,29.762200,-0.107000,42.131600,2.309900,59.246500,1.678700,55.416600,-3.757800,23.091300,-3.374200',b'Port,2,1.000000,1.000000,1.000000,1.000000,1.000000,1.000000,1.000000,1.000000,1.000000,1.000000,1.000000,1.000000',b'Port,3,0.000000,0.000000,0.000000,0.000000,0.000000,0.000000,0.000000,0.000000,0.000000,0.000000,0.000000,0.000000',b'Port,4,100.670200,-1.057900,64.691100,-2.232600,23.294000,-0.500900,34.501400,-0.627900,87.725800,-2.338700,23.890300,3.372100'
1686750149.1691628 ,b'Port,1,153.417500,-0.169800,30.488000,-0.084500,39.346000,2.284000,53.133300,1.381300,54.033800,-3.796600,20.906500,2.760800',b'Port,2,1.000000,1.000000,1.000000,1.000000,1.000000,1.000000,1.000000,1.000000,1.000000,1.000000,1.000000,1.000000',b'Port,3,0.000000,0.000000,0.000000,0.000000,0.000000,0.000000,0.000000,0.000000,0.000000,0.000000,0.000000,0.000000',b'Port,4,97.689400,-1.035500,93.746700,-2.699100,25.940900,-0.608400,29.754100,-0.713500,53.543700,-1.005000,42.064100,3.561600'
1686750149.3798552 ,b'Port,1,157.070300,-0.241600,28.728600,-0.090600,42.099300,2.402400,153.131900,0.885000,31.730800,-4.081900,23.338900,-3.382800',b'Port,2,1.000000,1.000000,1.000000,1.000000,1.000000,1.000000,1.000000,1.000000,1.000000,1.000000,1.000000,1.000000',b'Port,3,0.000000,0.000000,0.000000,0.000000,0.000000,0.000000,0.000000,0.000000,0.000000,0.000000,0.000000,0.000000',b'Port,4,98.040100,-0.974600,67.987400,-2.289500,24.988700,-0.500400,30.942800,-0.646600,95.540500,-1.892000,25.345600,3.362700'
1686750149.590547 ,b'Port,1,193.566200,-0.242400,30.289000,-0.101400,42.144600,2.425100,163.585300,1.353100,55.667200,-3.793000,18.831500,2.698500',b'Port,2,1.000000,1.000000,1.000000,1.000000,1.000000,1.000000,1.000000,1.000000,1.000000,1.000000,1.000000,1.000000',b'Port,3,0.000000,0.000000,0.000000,0.000000,0.000000,0.000000,0.000000,0.000000,0.000000,0.000000,0.000000,0.000000',b'Port,4,104.214700,-1.060600,57.599400,-2.197100,23.421500,-0.503200,30.983400,-0.575200,40.611200,3.048100,25.794600,3.436000'
1686750149.804239 ,b'Port,1,156.990200,-0.124000,27.998300,-0.092900,42.806300,2.312100,61.973100,1.536900,33.816100,-4.136600,19.754000,2.743400',b'Port,2,1.000000,1.000000,1.000000,1.000000,1.000000,1.000000,1.000000,1.000000,1.000000,1.000000,1.000000,1.000000',b'Port,3,0.000000,0.000000,0.000000,0.000000,0.000000,0.000000,0.000000,0.000000,0.000000,0.000000,0.000000,0.000000',b'Port,4,100.245400,-0.998200,101.643600,-2.725800,25.332000,-0.641200,28.387300,-0.720700,60.132900,-1.179200,37.107600,3.533100'
1686750150.014936 ,b'Port,1,295.182200,-0.299300,28.739500,-0.098300,42.172800,2.570800,197.431700,1.437600,58.220700,-3.839000,21.535400,-3.431300',b'Port,2,1.000000,1.000000,1.000000,1.000000,1.000000,1.000000,1.000000,1.000000,1.000000,1.000000,1.000000,1.000000',b'Port,3,0.000000,0.000000,0.000000,0.000000,0.000000,0.000000,0.000000,0.000000,0.000000,0.000000,0.000000,0.000000',b'Port,4,103.467300,-1.060600,79.975900,-2.487200,26.772200,-0.579000,28.761500,-0.692800,68.878100,-1.224100,35.953000,3.493200'
1686750150.2256646 ,b'Port,1,198.243400,-0.167700,29.636700,-0.098200,46.507600,2.439400,266.274500,1.400400,59.705200,-3.831100,21.746000,-3.414400',b'Port,2,1.000000,1.000000,1.000000,1.000000,1.000000,1.000000,1.000000,1.000000,1.000000,1.000000,1.000000,1.000000',b'Port,3,0.000000,0.000000,0.000000,0.000000,0.000000,0.000000,0.000000,0.000000,0.000000,0.000000,0.000000,0.000000',b'Port,4,101.606800,-1.017500,72.683500,-2.297600,24.136100,-0.509700,31.808600,-0.645700,90.398400,-1.887900,24.623800,3.346100'
1686750150.4363258 ,b'Port,1,179.279700,-0.193600,29.646300,-0.090600,45.782000,2.311300,63.574200,1.738400,34.775100,-4.144600,22.317800,-3.379500',b'Port,2,1.000000,1.000000,1.000000,1.000000,1.000000,1.000000,1.000000,1.000000,1.000000,1.000000,1.000000,1.000000',b'Port,3,0.000000,0.000000,0.000000,0.000000,0.000000,0.000000,0.000000,0.000000,0.000000,0.000000,0.000000,0.000000',b'Port,4,103.263300,-1.143700,71.817900,-2.359000,24.645400,-0.556900,29.903300,-0.658400,91.855900,-1.818800,27.728000,3.394700'
1686750150.6470299 ,b'Port,1,444.097200,-0.181900,28.358900,-0.093700,45.202600,2.462900,62.552300,1.852100,34.416200,-4.145000,21.762500,-3.402500',b'Port,2,1.000000,1.000000,1.000000,1.000000,1.000000,1.000000,1.000000,1.000000,1.000000,1.000000,1.000000,1.000000',b'Port,3,0.000000,0.000000,0.000000,0.000000,0.000000,0.000000,0.000000,0.000000,0.000000,0.000000,0.000000,0.000000',b'Port,4,104.393600,-1.108000,116.909500,-3.044400,27.164200,-0.720300,25.639700,-0.728600,54.950000,-1.049000,49.311100,-2.584800'
1686750150.8577318 ,b'Port,1,272.424100,-0.190500,28.251300,-0.073000,46.214500,2.506100,312.208700,1.538400,34.665100,-4.167900,17.504600,2.677700',b'Port,2,1.000000,1.000000,1.000000,1.000000,1.000000,1.000000,1.000000,1.000000,1.000000,1.000000,1.000000,1.000000',b'Port,3,0.000000,0.000000,0.000000,0.000000,0.000000,0.000000,0.000000,0.000000,0.000000,0.000000,0.000000,0.000000',b'Port,4,98.883700,-0.975100,68.372100,-2.279900,25.096500,-0.506000,29.305600,-0.626800,101.976400,-1.819000,30.439600,3.402300'
1686750151.0684326 ,b'Port,1,183.751300,-0.080800,29.551000,-0.092000,44.905800,2.351600,157.128600,1.144700,59.675800,-3.842900,22.192600,-3.397500',b'Port,2,1.000000,1.000000,1.000000,1.000000,1.000000,1.000000,1.000000,1.000000,1.000000,1.000000,1.000000,1.000000',b'Port,3,0.000000,0.000000,0.000000,0.000000,0.000000,0.000000,0.000000,0.000000,0.000000,0.000000,0.000000,0.000000',b'Port,4,103.503000,-0.992600,66.461100,-2.263700,23.698300,-0.497000,32.294900,-0.564500,74.114200,3.497500,27.973600,3.413600'
1686750151.2791412 ,b'Port,1,204.368100,-0.063700,29.837900,-0.111200,42.589300,2.386400,56.999200,1.674700,33.600500,-4.142000,20.157800,2.737100',b'Port,2,1.000000,1.000000,1.000000,1.000000,1.000000,1.000000,1.000000,1.000000,1.000000,1.000000,1.000000,1.000000',b'Port,3,0.000000,0.000000,0.000000,0.000000,0.000000,0.000000,0.000000,0.000000,0.000000,0.000000,0.000000,0.000000',b'Port,4,104.008800,-1.062200,108.412500,-2.873200,25.203200,-0.653900,29.367500,-0.710400,48.318200,-0.983000,39.938400,3.541900'
1686750151.4898186 ,b'Port,1,291.918400,-0.300600,28.793500,-0.093900,44.694700,2.577800,256.600600,1.655700,55.506800,-3.830700,18.315300,2.701400',b'Port,2,1.000000,1.000000,1.000000,1.000000,1.000000,1.000000,1.000000,1.000000,1.000000,1.000000,1.000000,1.000000',b'Port,3,0.000000,0.000000,0.000000,0.000000,0.000000,0.000000,0.000000,0.000000,0.000000,0.000000,0.000000,0.000000',b'Port,4,95.636000,-0.981300,83.087500,-2.470200,26.458600,-0.603300,28.699200,-0.678800,73.556600,-1.237400,38.630100,3.528500'
1686750151.70052 ,b'Port,1,231.525000,-0.271200,30.255000,-0.102600,43.986600,2.495900,236.435900,1.877800,49.985700,-3.841300,16.918200,2.671700',b'Port,2,1.000000,1.000000,1.000000,1.000000,1.000000,1.000000,1.000000,1.000000,1.000000,1.000000,1.000000,1.000000',b'Port,3,0.000000,0.000000,0.000000,0.000000,0.000000,0.000000,0.000000,0.000000,0.000000,0.000000,0.000000,0.000000',b'Port,4,102.321400,-1.004500,72.488500,-2.282600,24.319300,-0.497400,32.711100,-0.608300,95.844100,-1.733300,28.930000,3.373200'
1686750151.9142036 ,b'Port,1,279.946500,-0.169900,30.369700,-0.081800,44.596500,2.345400,146.813200,1.456300,45.525800,-3.832500,20.088800,-3.422200',b'Port,2,1.000000,1.000000,1.000000,1.000000,1.000000,1.000000,1.000000,1.000000,1.000000,1.000000,1.000000,1.000000',b'Port,3,0.000000,0.000000,0.000000,0.000000,0.000000,0.000000,0.000000,0.000000,0.000000,0.000000,0.000000,0.000000',b'Port,4,104.173700,-0.995300,66.655500,-2.322700,24.360900,-0.551200,29.565500,-0.624500,98.575200,-2.353500,30.452900,3.424900'
1686750152.1259518 ,b'Port,1,341.476800,-0.298900,28.288900,-0.101500,45.107700,2.416700,252.617500,1.354400,47.917500,-3.907200,20.245400,-3.424900',b'Port,2,1.000000,1.000000,1.000000,1.000000,1.000000,1.000000,1.000000,1.000000,1.000000,1.000000,1.000000,1.000000',b'Port,3,0.000000,0.000000,0.000000,0.000000,0.000000,0.000000,0.000000,0.000000,0.000000,0.000000,0.000000,0.000000',b'Port,4,104.953300,-1.130200,119.965900,-2.947700,25.443900,-0.727500,25.287700,-0.725100,57.317300,-1.032500,50.892500,-2.586000'
1686750152.3366165 ,b'Port,1,535.122500,-0.340200,27.016700,-0.093700,50.100000,2.526600,475.721700,1.639500,52.735300,-3.903700,15.974000,2.663200',b'Port,2,1.000000,1.000000,1.000000,1.000000,1.000000,1.000000,1.000000,1.000000,1.000000,1.000000,1.000000,1.000000',b'Port,3,0.000000,0.000000,0.000000,0.000000,0.000000,0.000000,0.000000,0.000000,0.000000,0.000000,0.000000,0.000000',b'Port,4,96.879700,-0.944100,63.898000,-2.219100,25.302500,-0.523400,29.496300,-0.640200,115.482400,-1.955700,31.429100,3.390400'
1686750152.5473113 ,b'Port,1,188.867600,-0.147200,28.372000,-0.081000,46.562000,2.334600,207.457900,1.277700,33.574900,-4.093100,17.509100,2.687000',b'Port,2,1.000000,1.000000,1.000000,1.000000,1.000000,1.000000,1.000000,1.000000,1.000000,1.000000,1.000000,1.000000',b'Port,3,0.000000,0.000000,0.000000,0.000000,0.000000,0.000000,0.000000,0.000000,0.000000,0.000000,0.000000,0.000000',b'Port,4,100.631600,-0.990000,72.097600,-2.273600,23.506000,-0.483200,32.632100,-0.567500,80.266900,-2.686700,27.744300,3.396600'
1686750152.7610404 ,b'Port,1,393.770600,-1.925900,28.465700,-0.081800,44.143500,2.470300,182.805300,1.326400,47.467100,-3.861700,17.197300,2.676600',b'Port,2,1.000000,1.000000,1.000000,1.000000,1.000000,1.000000,1.000000,1.000000,1.000000,1.000000,1.000000,1.000000',b'Port,3,0.000000,0.000000,0.000000,0.000000,0.000000,0.000000,0.000000,0.000000,0.000000,0.000000,0.000000,0.000000',b'Port,4,102.511700,-1.011300,90.423800,-2.578700,27.349200,-0.634600,28.250300,-0.718500,56.061700,-0.998400,37.091600,3.442200'
1686750152.9717035 ,b'Port,1,248.673600,0.115400,28.526200,-0.078700,47.915000,2.499400,415.859500,1.744800,92.362500,1.774500,16.701700,2.659600',b'Port,2,1.000000,1.000000,1.000000,1.000000,1.000000,1.000000,1.000000,1.000000,1.000000,1.000000,1.000000,1.000000',b'Port,3,0.000000,0.000000,0.000000,0.000000,0.000000,0.000000,0.000000,0.000000,0.000000,0.000000,0.000000,0.000000',b'Port,4,101.159900,-0.960100,72.976600,-2.270000,24.800000,-0.520400,30.926400,-0.626700,82.600300,-1.377600,27.130500,3.323500'
1686750153.1824126 ,b'Port,1,159.067500,-0.070600,28.554200,-0.068400,49.737200,2.295100,191.696800,1.247000,51.699000,-3.843100,20.133000,2.840400',b'Port,2,1.000000,1.000000,1.000000,1.000000,1.000000,1.000000,1.000000,1.000000,1.000000,1.000000,1.000000,1.000000',b'Port,3,0.000000,0.000000,0.000000,0.000000,0.000000,0.000000,0.000000,0.000000,0.000000,0.000000,0.000000,0.000000',b'Port,4,100.248400,-1.032200,66.336900,-2.308800,24.990300,-0.523100,31.024100,-0.638000,92.315400,-1.855800,26.979100,3.369600'
1686750153.3930933 ,b'Port,1,198.337800,0.102400,26.881400,-0.060700,48.748500,2.341200,168.335400,0.922400,49.407100,-3.898200,17.310800,2.683100',b'Port,2,1.000000,1.000000,1.000000,1.000000,1.000000,1.000000,1.000000,1.000000,1.000000,1.000000,1.000000,1.000000',b'Port,3,0.000000,0.000000,0.000000,0.000000,0.000000,0.000000,0.000000,0.000000,0.000000,0.000000,0.000000,0.000000',b'Port,4,107.366800,-1.088800,137.390500,-3.601500,25.480100,-0.763700,25.334500,-0.735900,45.380600,-0.901700,54.626800,-2.515000'
1686750153.6038353 ,b'Port,1,342.453000,0.090800,26.789100,-0.064500,49.265800,2.547400,678.222500,1.054000,51.829500,-3.907800,15.942400,2.641100',b'Port,2,1.000000,1.000000,1.000000,1.000000,1.000000,1.000000,1.000000,1.000000,1.000000,1.000000,1.000000,1.000000',b'Port,3,0.000000,0.000000,0.000000,0.000000,0.000000,0.000000,0.000000,0.000000,0.000000,0.000000,0.000000,0.000000',b'Port,4,94.484100,-0.974600,66.934900,-2.280400,25.685100,-0.544100,26.114600,-0.634300,118.731900,-2.102600,35.443600,3.449200'
1686750153.8144612 ,b'Port,1,230.254000,-0.107400,28.258900,-0.052200,52.848500,2.315400,69.716000,1.903500,52.696800,-3.880100,16.911500,2.670900',b'Port,2,1.000000,1.000000,1.000000,1.000000,1.000000,1.000000,1.000000,1.000000,1.000000,1.000000,1.000000,1.000000',b'Port,3,0.000000,0.000000,0.000000,0.000000,0.000000,0.000000,0.000000,0.000000,0.000000,0.000000,0.000000,0.000000',b'Port,4,102.871500,-0.993900,71.789000,-2.262800,24.009500,-0.498900,31.296100,-0.561200,107.131400,-2.229700,29.394200,3.363000'
1686750154.0252178 ,b'Port,1,162.274600,0.081900,28.661200,-0.080700,46.806200,2.283400,61.485700,1.633900,49.338800,-3.867900,17.072300,2.680300',b'Port,2,1.000000,1.000000,1.000000,1.000000,1.000000,1.000000,1.000000,1.000000,1.000000,1.000000,1.000000,1.000000',b'Port,3,0.000000,0.000000,0.000000,0.000000,0.000000,0.000000,0.000000,0.000000,0.000000,0.000000,0.000000,0.000000',b'Port,4,104.211700,-1.157000,71.084600,-2.324400,24.478100,-0.569400,29.287600,-0.628600,95.380900,-2.189300,29.755500,3.422700'
1686750154.2370846 ,b'Port,1,163.987600,-0.018800,27.619300,-0.069100,47.219300,2.305800,167.291500,0.781400,48.638000,-3.870400,16.826300,2.682500',b'Port,2,1.000000,1.000000,1.000000,1.000000,1.000000,1.000000,1.000000,1.000000,1.000000,1.000000,1.000000,1.000000',b'Port,3,0.000000,0.000000,0.000000,0.000000,0.000000,0.000000,0.000000,0.000000,0.000000,0.000000,0.000000,0.000000',b'Port,4,102.140800,-1.047700,124.885800,-2.997500,26.602800,-0.716500,26.925900,-0.733900,45.227400,-0.915400,48.242600,3.614200'
1686750154.4475846 ,b'Port,1,205.813700,0.117700,26.915100,-0.060800,48.527400,2.481400,518.748700,1.397500,87.640000,-4.465100,15.826900,2.629300',b'Port,2,1.000000,1.000000,1.000000,1.000000,1.000000,1.000000,1.000000,1.000000,1.000000,1.000000,1.000000,1.000000',b'Port,3,0.000000,0.000000,0.000000,0.000000,0.000000,0.000000,0.000000,0.000000,0.000000,0.000000,0.000000,0.000000',b'Port,4,101.065900,-0.962900,69.804300,-2.264400,25.264700,-0.543200,28.682800,-0.652300,91.241700,-1.446400,29.886100,3.336700'
1686750154.6582656 ,b'Port,1,139.754700,-0.054300,28.864900,-0.055400,50.609800,2.286300,212.720400,1.200800,92.543600,-4.488300,16.818300,2.677700',b'Port,2,1.000000,1.000000,1.000000,1.000000,1.000000,1.000000,1.000000,1.000000,1.000000,1.000000,1.000000,1.000000',b'Port,3,0.000000,0.000000,0.000000,0.000000,0.000000,0.000000,0.000000,0.000000,0.000000,0.000000,0.000000,0.000000',b'Port,4,99.170100,-0.997400,71.983200,-2.241600,24.158100,-0.523000,32.279100,-0.585100,85.492700,-1.573800,28.096300,3.323000'
1686750154.868976 ,b'Port,1,152.704300,0.072700,27.497400,-0.071700,50.216300,2.204600,61.868200,1.660600,43.603400,1.767600,19.888200,2.840600',b'Port,2,1.000000,1.000000,1.000000,1.000000,1.000000,1.000000,1.000000,1.000000,1.000000,1.000000,1.000000,1.000000',b'Port,3,0.000000,0.000000,0.000000,0.000000,0.000000,0.000000,0.000000,0.000000,0.000000,0.000000,0.000000,0.000000',b'Port,4,104.298200,-1.041400,115.925600,-2.800800,25.178100,-0.700000,28.167700,-0.727100,52.125300,-1.012100,36.355200,3.443500'
1686750155.0816438 ,b'Port,1,188.647500,0.148800,26.609700,-0.072800,51.415400,2.338600,410.626300,0.841000,49.347400,-3.898200,16.245800,2.667400',b'Port,2,1.000000,1.000000,1.000000,1.000000,1.000000,1.000000,1.000000,1.000000,1.000000,1.000000,1.000000,1.000000',b'Port,3,0.000000,0.000000,0.000000,0.000000,0.000000,0.000000,0.000000,0.000000,0.000000,0.000000,0.000000,0.000000',b'Port,4,107.052300,-1.048800,95.430400,-2.580000,27.071700,-0.634900,27.589700,-0.710400,51.006600,-0.930900,38.479200,3.439700'
1686750155.292294 ,b'Port,1,160.572600,0.006600,27.503100,-0.048000,52.200800,2.328000,406.873200,1.157100,45.417700,1.745800,16.022500,2.654000',b'Port,2,1.000000,1.000000,1.000000,1.000000,1.000000,1.000000,1.000000,1.000000,1.000000,1.000000,1.000000,1.000000',b'Port,3,0.000000,0.000000,0.000000,0.000000,0.000000,0.000000,0.000000,0.000000,0.000000,0.000000,0.000000,0.000000',b'Port,4,102.324500,-1.029000,69.971500,-2.191300,24.144400,-0.523400,29.358700,-0.627600,112.528700,-1.846800,27.969600,3.306700'
1686750155.5030074 ,b'Port,1,141.800700,-0.020700,29.157900,-0.072000,49.474500,2.234600,150.605100,0.961700,34.536600,-4.099100,17.153800,2.676800',b'Port,2,1.000000,1.000000,1.000000,1.000000,1.000000,1.000000,1.000000,1.000000,1.000000,1.000000,1.000000,1.000000',b'Port,3,0.000000,0.000000,0.000000,0.000000,0.000000,0.000000,0.000000,0.000000,0.000000,0.000000,0.000000,0.000000',b'Port,4,103.737400,-1.105100,59.444100,-2.188800,23.589800,-0.507300,31.079900,-0.599500,76.492800,3.464800,27.172200,3.371800'
1686750155.713671 ,b'Port,1,222.715100,0.280000,26.625700,-0.055600,49.729900,2.384800,385.370100,0.757900,34.044900,-4.097000,15.631800,2.635000',b'Port,2,1.000000,1.000000,1.000000,1.000000,1.000000,1.000000,1.000000,1.000000,1.000000,1.000000,1.000000,1.000000',b'Port,3,0.000000,0.000000,0.000000,0.000000,0.000000,0.000000,0.000000,0.000000,0.000000,0.000000,0.000000,0.000000',b'Port,4,110.556800,-1.081100,119.291600,-2.878100,25.444500,-0.715100,27.160400,-0.733500,45.795500,-0.950700,39.197600,3.494000'
1686750155.9243615 ,b'Port,1,178.924100,0.033200,27.451900,-0.053600,52.752400,2.368700,677.861000,1.458600,46.752100,1.720700,15.331700,2.599300',b'Port,2,1.000000,1.000000,1.000000,1.000000,1.000000,1.000000,1.000000,1.000000,1.000000,1.000000,1.000000,1.000000',b'Port,3,0.000000,0.000000,0.000000,0.000000,0.000000,0.000000,0.000000,0.000000,0.000000,0.000000,0.000000,0.000000',b'Port,4,105.088800,-0.988100,72.115600,-2.343400,25.561500,-0.562900,28.296500,-0.658100,100.693500,-1.580200,33.186500,3.396000'
1686750156.1350718 ,b'Port,1,170.738500,-0.000100,28.033900,-0.063600,53.859200,2.230000,66.419800,1.863000,45.978500,1.750900,15.678900,2.651300',b'Port,2,1.000000,1.000000,1.000000,1.000000,1.000000,1.000000,1.000000,1.000000,1.000000,1.000000,1.000000,1.000000',b'Port,3,0.000000,0.000000,0.000000,0.000000,0.000000,0.000000,0.000000,0.000000,0.000000,0.000000,0.000000,0.000000',b'Port,4,104.878000,-0.958000,69.934500,-2.203000,23.255500,-0.523400,31.243200,-0.592900,100.153800,-2.504400,30.029200,3.371900'
1686750156.345765 ,b'Port,1,214.120500,0.217100,25.373500,-0.045900,56.042500,2.237400,370.007000,0.527500,43.765500,1.706700,15.328600,2.624500',b'Port,2,1.000000,1.000000,1.000000,1.000000,1.000000,1.000000,1.000000,1.000000,1.000000,1.000000,1.000000,1.000000',b'Port,3,0.000000,0.000000,0.000000,0.000000,0.000000,0.000000,0.000000,0.000000,0.000000,0.000000,0.000000,0.000000',b'Port,4,109.596600,-1.075700,76.320700,-2.385700,24.543800,-0.579600,30.111200,-0.635300,92.317300,-1.662800,29.681600,3.399900'
1686750156.5574613 ,b'Port,1,212.508100,0.220700,26.412700,-0.065600,55.516700,2.473700,1920.303800,0.318600,44.380600,1.714600,14.829200,2.572400',b'Port,2,1.000000,1.000000,1.000000,1.000000,1.000000,1.000000,1.000000,1.000000,1.000000,1.000000,1.000000,1.000000',b'Port,3,0.000000,0.000000,0.000000,0.000000,0.000000,0.000000,0.000000,0.000000,0.000000,0.000000,0.000000,0.000000',b'Port,4,97.826600,-0.987900,74.588300,-2.298200,24.871000,-0.557500,29.020400,-0.642700,93.271400,-1.412900,32.837500,3.379200'
1686750156.768182 ,b'Port,1,155.104800,0.048600,28.469700,-0.055800,53.139600,2.379700,3337.907200,1.634800,45.895500,1.747900,15.296800,2.609100',b'Port,2,1.000000,1.000000,1.000000,1.000000,1.000000,1.000000,1.000000,1.000000,1.000000,1.000000,1.000000,1.000000',b'Port,3,0.000000,0.000000,0.000000,0.000000,0.000000,0.000000,0.000000,0.000000,0.000000,0.000000,0.000000,0.000000',b'Port,4,99.998300,-1.040300,78.696700,-2.287100,24.039100,-0.548900,32.349900,-0.576700,92.524100,-1.590300,29.454000,3.344600'
1686750156.978866 ,b'Port,1,155.943400,0.063400,27.763400,-0.066000,52.591600,2.307500,246.386400,1.376400,44.286000,-4.493300,15.834600,2.670000',b'Port,2,1.000000,1.000000,1.000000,1.000000,1.000000,1.000000,1.000000,1.000000,1.000000,1.000000,1.000000,1.000000',b'Port,3,0.000000,0.000000,0.000000,0.000000,0.000000,0.000000,0.000000,0.000000,0.000000,0.000000,0.000000,0.000000',b'Port,4,99.779900,-1.020400,110.553400,-2.732300,25.743500,-0.654100,31.172000,-0.671800,48.156700,-0.999300,34.565300,3.439400'
1686750157.189563 ,b'Port,1,203.585200,0.199800,26.526600,-0.064600,50.556900,2.380300,507.870600,1.259400,42.743500,1.755800,15.549000,2.648200',b'Port,2,1.000000,1.000000,1.000000,1.000000,1.000000,1.000000,1.000000,1.000000,1.000000,1.000000,1.000000,1.000000',b'Port,3,0.000000,0.000000,0.000000,0.000000,0.000000,0.000000,0.000000,0.000000,0.000000,0.000000,0.000000,0.000000',b'Port,4,110.307700,-1.075200,132.243100,-3.281000,27.258200,-0.716300,28.032500,-0.733400,36.992300,-0.854900,49.135900,3.643300'
1686750157.4002478 ,b'Port,1,201.060100,0.323000,27.258900,-0.065100,52.866600,2.520500,545.989900,1.752000,44.702700,1.711800,15.048200,2.576000',b'Port,2,1.000000,1.000000,1.000000,1.000000,1.000000,1.000000,1.000000,1.000000,1.000000,1.000000,1.000000,1.000000',b'Port,3,0.000000,0.000000,0.000000,0.000000,0.000000,0.000000,0.000000,0.000000,0.000000,0.000000,0.000000,0.000000',b'Port,4,97.986600,-1.037800,76.809600,-2.286700,24.611300,-0.551600,30.320100,-0.641900,76.761200,-1.258200,29.863900,3.338400'
1686750157.610939 ,b'Port,1,153.944200,0.056300,28.630300,-0.059500,54.728400,2.330900,497.612300,-4.210600,45.846700,1.766700,15.750900,2.643900',b'Port,2,1.000000,1.000000,1.000000,1.000000,1.000000,1.000000,1.000000,1.000000,1.000000,1.000000,1.000000,1.000000',b'Port,3,0.000000,0.000000,0.000000,0.000000,0.000000,0.000000,0.000000,0.000000,0.000000,0.000000,0.000000,0.000000',b'Port,4,99.738300,-1.012700,73.214300,-2.256400,24.154300,-0.548700,33.501300,-0.583800,95.637300,-1.726500,28.262300,3.352800'
1686750157.8216362 ,b'Port,1,160.942700,0.129400,27.447500,-0.057500,53.603100,2.257400,174.294200,1.307000,44.742700,1.772000,16.536700,2.684300',b'Port,2,1.000000,1.000000,1.000000,1.000000,1.000000,1.000000,1.000000,1.000000,1.000000,1.000000,1.000000,1.000000',b'Port,3,0.000000,0.000000,0.000000,0.000000,0.000000,0.000000,0.000000,0.000000,0.000000,0.000000,0.000000,0.000000',b'Port,4,105.232400,-1.060200,136.345600,-3.145100,25.534500,-0.710200,30.111400,-0.722000,40.141700,-0.884100,42.554000,3.528100'
1686750158.0323784 ,b'Port,1,169.131300,0.201300,26.677500,-0.054700,52.108900,2.392600,544.495100,1.282500,41.992800,-4.497100,15.659200,2.638100',b'Port,2,1.000000,1.000000,1.000000,1.000000,1.000000,1.000000,1.000000,1.000000,1.000000,1.000000,1.000000,1.000000',b'Port,3,0.000000,0.000000,0.000000,0.000000,0.000000,0.000000,0.000000,0.000000,0.000000,0.000000,0.000000,0.000000',b'Port,4,103.230700,-0.994200,100.445900,-2.631100,26.500300,-0.645500,27.912900,-0.700100,47.568500,-0.978100,41.310000,3.503300'
1686750158.243069 ,b'Port,1,165.175500,0.255400,27.527300,-0.067100,54.146500,2.511700,2196.756500,1.360900,46.286200,1.711500,14.908100,2.584600',b'Port,2,1.000000,1.000000,1.000000,1.000000,1.000000,1.000000,1.000000,1.000000,1.000000,1.000000,1.000000,1.000000',b'Port,3,0.000000,0.000000,0.000000,0.000000,0.000000,0.000000,0.000000,0.000000,0.000000,0.000000,0.000000,0.000000',b'Port,4,95.869500,-0.951700,81.711200,-2.265900,24.354100,-0.542300,32.435100,-0.615800,85.950100,-1.385900,31.049400,3.351800'
1686750158.4537969 ,b'Port,1,136.131000,0.083400,28.200900,-0.061300,54.935800,2.308800,601.815500,1.788500,44.840700,1.767500,15.538500,2.637500',b'Port,2,1.000000,1.000000,1.000000,1.000000,1.000000,1.000000,1.000000,1.000000,1.000000,1.000000,1.000000,1.000000',b'Port,3,0.000000,0.000000,0.000000,0.000000,0.000000,0.000000,0.000000,0.000000,0.000000,0.000000,0.000000,0.000000',b'Port,4,103.980200,-1.026000,67.776900,-2.265100,24.328300,-0.555700,31.416000,-0.583000,101.659400,-1.979900,28.930600,3.381200'
1686750158.6664586 ,b'Port,1,178.814500,0.445500,25.953200,-0.061800,55.609500,2.407500,1161.893500,-1.464800,43.575700,1.731800,14.987800,2.615300',b'Port,2,1.000000,1.000000,1.000000,1.000000,1.000000,1.000000,1.000000,1.000000,1.000000,1.000000,1.000000,1.000000',b'Port,3,0.000000,0.000000,0.000000,0.000000,0.000000,0.000000,0.000000,0.000000,0.000000,0.000000,0.000000,0.000000',b'Port,4,110.068200,-1.173500,131.913700,-3.522200,25.780300,-0.738100,30.197100,-0.739300,35.538800,-0.854000,48.903100,3.639600'
1686750158.8771605 ,b'Port,1,162.831600,0.181100,27.455900,-0.051700,56.683600,2.482300,1826.570000,-3.335200,46.297900,1.702600,14.996900,2.583500',b'Port,2,1.000000,1.000000,1.000000,1.000000,1.000000,1.000000,1.000000,1.000000,1.000000,1.000000,1.000000,1.000000',b'Port,3,0.000000,0.000000,0.000000,0.000000,0.000000,0.000000,0.000000,0.000000,0.000000,0.000000,0.000000,0.000000',b'Port,4,99.867400,-1.074100,94.924200,-2.568900,26.104300,-0.609200,29.885900,-0.687800,47.178600,-0.953100,38.731500,3.452800'
1686750159.0878503 ,b'Port,1,124.515200,0.098500,28.328500,-0.048100,54.685700,2.295100,573.857600,1.415600,46.110900,-4.506600,15.480100,2.641000',b'Port,2,1.000000,1.000000,1.000000,1.000000,1.000000,1.000000,1.000000,1.000000,1.000000,1.000000,1.000000,1.000000',b'Port,3,0.000000,0.000000,0.000000,0.000000,0.000000,0.000000,0.000000,0.000000,0.000000,0.000000,0.000000,0.000000',b'Port,4,97.446700,-0.962600,83.378000,-2.339800,24.751400,-0.532200,33.621200,-0.580300,73.285000,-1.264300,30.457800,3.323700'
1686750159.2985675 ,b'Port,1,156.426600,0.188300,25.523500,-0.029600,57.116900,2.256300,273.140900,1.144600,43.607900,1.753200,14.965100,2.646400',b'Port,2,1.000000,1.000000,1.000000,1.000000,1.000000,1.000000,1.000000,1.000000,1.000000,1.000000,1.000000,1.000000',b'Port,3,0.000000,0.000000,0.000000,0.000000,0.000000,0.000000,0.000000,0.000000,0.000000,0.000000,0.000000,0.000000',b'Port,4,100.277100,-0.986200,79.238800,-2.406100,24.383200,-0.590100,31.013100,-0.624400,73.881800,-1.373900,28.530600,3.387500'
1686750159.509245 ,b'Port,1,236.669900,0.382100,25.024400,-0.046700,59.365400,2.450100,503.302700,-1.284500,43.554400,1.697600,14.346700,2.568900',b'Port,2,1.000000,1.000000,1.000000,1.000000,1.000000,1.000000,1.000000,1.000000,1.000000,1.000000,1.000000,1.000000',b'Port,3,0.000000,0.000000,0.000000,0.000000,0.000000,0.000000,0.000000,0.000000,0.000000,0.000000,0.000000,0.000000',b'Port,4,122.526900,-1.176400,125.444100,-3.813700,25.465300,-0.766600,27.441700,-0.727900,38.642600,-0.875300,52.699000,-2.556400'
1686750159.7199442 ,b'Port,1,150.335700,0.081800,26.846100,-0.035800,60.470600,2.340100,2346.079500,-1.232600,47.041300,1.689400,14.467100,2.578000',b'Port,2,1.000000,1.000000,1.000000,1.000000,1.000000,1.000000,1.000000,1.000000,1.000000,1.000000,1.000000,1.000000',b'Port,3,0.000000,0.000000,0.000000,0.000000,0.000000,0.000000,0.000000,0.000000,0.000000,0.000000,0.000000,0.000000',b'Port,4,101.297800,-1.073700,79.952900,-2.341300,25.272000,-0.577000,28.399100,-0.654400,77.551400,-1.312900,34.114200,3.410700'
1686750159.9306276 ,b'Port,1,137.727400,-0.047900,27.857500,-0.050200,55.747200,2.217900,241.383800,1.400900,42.795200,-4.479900,15.728500,2.669900',b'Port,2,1.000000,1.000000,1.000000,1.000000,1.000000,1.000000,1.000000,1.000000,1.000000,1.000000,1.000000,1.000000',b'Port,3,0.000000,0.000000,0.000000,0.000000,0.000000,0.000000,0.000000,0.000000,0.000000,0.000000,0.000000,0.000000',b'Port,4,97.493100,-0.979100,80.290800,-2.244800,24.517400,-0.535500,33.788200,-0.576400,75.406300,-1.362500,30.110400,3.347700'
1686750160.1413143 ,b'Port,1,190.974600,0.107700,25.835800,-0.039800,56.893400,2.230400,209.637600,1.111000,40.821600,-4.453900,15.474300,2.667400',b'Port,2,1.000000,1.000000,1.000000,1.000000,1.000000,1.000000,1.000000,1.000000,1.000000,1.000000,1.000000,1.000000',b'Port,3,0.000000,0.000000,0.000000,0.000000,0.000000,0.000000,0.000000,0.000000,0.000000,0.000000,0.000000,0.000000',b'Port,4,97.886700,-1.002500,93.149100,-2.496600,27.687600,-0.559900,31.217600,-0.644000,61.362500,-1.168100,32.332200,3.429000'
1686750160.3520179 ,b'Port,1,172.885400,0.193500,26.764500,-0.079400,53.553500,2.485700,514.895200,1.866000,41.482500,-4.505700,15.144800,2.653300',b'Port,2,1.000000,1.000000,1.000000,1.000000,1.000000,1.000000,1.000000,1.000000,1.000000,1.000000,1.000000,1.000000',b'Port,3,0.000000,0.000000,0.000000,0.000000,0.000000,0.000000,0.000000,0.000000,0.000000,0.000000,0.000000,0.000000',b'Port,4,112.283200,-1.104300,119.775600,-2.775200,26.624100,-0.581900,35.155700,-0.671800,33.142400,-0.851300,30.199200,3.338000'
1686750160.5627165 ,b'Port,1,154.560700,0.107600,28.052000,-0.067300,54.777300,2.442600,1382.092800,-3.857700,45.150400,1.766200,15.556700,2.659600',b'Port,2,1.000000,1.000000,1.000000,1.000000,1.000000,1.000000,1.000000,1.000000,1.000000,1.000000,1.000000,1.000000',b'Port,3,0.000000,0.000000,0.000000,0.000000,0.000000,0.000000,0.000000,0.000000,0.000000,0.000000,0.000000,0.000000',b'Port,4,96.556700,-0.988300,114.105100,-2.670000,25.775100,-0.537500,38.930800,-0.593800,34.624000,-0.941400,23.402900,3.266100'
1686750160.7733982 ,b'Port,1,133.374200,0.011600,29.535700,-0.072700,51.879800,2.308300,313.548300,1.423100,42.183000,-4.463100,16.514700,2.686200',b'Port,2,1.000000,1.000000,1.000000,1.000000,1.000000,1.000000,1.000000,1.000000,1.000000,1.000000,1.000000,1.000000',b'Port,3,0.000000,0.000000,0.000000,0.000000,0.000000,0.000000,0.000000,0.000000,0.000000,0.000000,0.000000,0.000000',b'Port,4,108.387200,-1.103700,126.112600,-3.248300,26.877000,-0.657900,36.858000,-0.664500,30.883300,-0.855900,34.571100,3.441000'
1686750160.9840977 ,b'Port,1,180.510500,0.224600,26.682400,-0.048200,50.907000,2.340500,238.136200,1.287300,40.159500,-4.444000,16.025600,2.681300',b'Port,2,1.000000,1.000000,1.000000,1.000000,1.000000,1.000000,1.000000,1.000000,1.000000,1.000000,1.000000,1.000000',b'Port,3,0.000000,0.000000,0.000000,0.000000,0.000000,0.000000,0.000000,0.000000,0.000000,0.000000,0.000000,0.000000',b'Port,4,99.013600,-1.049400,122.825600,-3.453900,27.663300,-0.739300,26.344900,-0.699500,41.779800,-0.913600,52.236800,-2.516000'
1686750161.1947837 ,b'Port,1,179.537800,0.380500,27.274300,-0.084100,54.182500,2.498500,1447.075900,-4.055400,41.685200,-4.505900,15.317400,2.660400',b'Port,2,1.000000,1.000000,1.000000,1.000000,1.000000,1.000000,1.000000,1.000000,1.000000,1.000000,1.000000,1.000000',b'Port,3,0.000000,0.000000,0.000000,0.000000,0.000000,0.000000,0.000000,0.000000,0.000000,0.000000,0.000000,0.000000',b'Port,4,98.835100,-1.031900,82.377000,-2.333500,25.075900,-0.547500,30.730800,-0.570600,83.403200,-1.474300,32.609800,3.424200'
1686750161.4054816 ,b'Port,1,133.283800,0.128900,27.859300,-0.055600,58.265300,2.374500,5305.756800,-3.785900,43.252700,1.769000,15.419900,2.660100',b'Port,2,1.000000,1.000000,1.000000,1.000000,1.000000,1.000000,1.000000,1.000000,1.000000,1.000000,1.000000,1.000000',b'Port,3,0.000000,0.000000,0.000000,0.000000,0.000000,0.000000,0.000000,0.000000,0.000000,0.000000,0.000000,0.000000',b'Port,4,103.101000,-1.147000,83.700100,-2.359200,24.933300,-0.533000,30.447900,-0.548400,91.934200,-1.837500,30.533400,3.414000'
1686750161.6161785 ,b'Port,1,150.183300,0.009600,27.626900,-0.056900,54.997500,2.284100,207.917400,1.407400,42.807500,-4.487000,16.400700,2.674700',b'Port,2,1.000000,1.000000,1.000000,1.000000,1.000000,1.000000,1.000000,1.000000,1.000000,1.000000,1.000000,1.000000',b'Port,3,0.000000,0.000000,0.000000,0.000000,0.000000,0.000000,0.000000,0.000000,0.000000,0.000000,0.000000,0.000000',b'Port,4,105.974100,-1.085100,122.368400,-3.047300,25.095600,-0.714800,28.935600,-0.685700,51.329700,-1.098200,38.454600,3.505800'
1686750161.8268726 ,b'Port,1,174.310900,0.376500,25.677700,-0.064000,56.119700,2.462600,2240.010400,-0.015300,41.178400,-4.500900,15.175000,2.657400',b'Port,2,1.000000,1.000000,1.000000,1.000000,1.000000,1.000000,1.000000,1.000000,1.000000,1.000000,1.000000,1.000000',b'Port,3,0.000000,0.000000,0.000000,0.000000,0.000000,0.000000,0.000000,0.000000,0.000000,0.000000,0.000000,0.000000',b'Port,4,104.778600,-1.105300,113.984100,-2.773400,25.978700,-0.700900,25.506800,-0.686200,60.750700,-1.138400,44.654200,3.606300'
1686750162.0375612 ,b'Port,1,173.764200,0.208500,28.825800,-0.053000,56.527400,2.370400,601.055200,1.995900,43.630400,1.768600,15.561100,2.664300',b'Port,2,1.000000,1.000000,1.000000,1.000000,1.000000,1.000000,1.000000,1.000000,1.000000,1.000000,1.000000,1.000000',b'Port,3,0.000000,0.000000,0.000000,0.000000,0.000000,0.000000,0.000000,0.000000,0.000000,0.000000,0.000000,0.000000',b'Port,4,97.251600,-0.917000,80.713600,-2.267300,24.009400,-0.538800,29.598900,-0.554400,100.076800,-2.036100,32.814800,3.433300'
1686750162.2482638 ,b'Port,1,134.529200,0.031900,28.447000,-0.063500,52.196200,2.309700,189.296700,1.450000,42.505000,-4.434200,15.809600,2.672000',b'Port,2,1.000000,1.000000,1.000000,1.000000,1.000000,1.000000,1.000000,1.000000,1.000000,1.000000,1.000000,1.000000',b'Port,3,0.000000,0.000000,0.000000,0.000000,0.000000,0.000000,0.000000,0.000000,0.000000,0.000000,0.000000,0.000000',b'Port,4,103.811300,-1.005000,78.895700,-2.358700,24.364300,-0.542600,29.460000,-0.554100,95.109000,-2.213700,31.025600,3.442700'
1686750162.4589512 ,b'Port,1,156.524100,0.370200,25.839500,-0.065300,56.045400,2.329300,69.095300,1.887600,39.641900,-4.450200,15.369100,2.664800',b'Port,2,1.000000,1.000000,1.000000,1.000000,1.000000,1.000000,1.000000,1.000000,1.000000,1.000000,1.000000,1.000000',b'Port,3,0.000000,0.000000,0.000000,0.000000,0.000000,0.000000,0.000000,0.000000,0.000000,0.000000,0.000000,0.000000',b'Port,4,103.077800,-1.105200,140.782700,-3.177800,25.128200,-0.738800,29.025000,-0.699300,46.268000,-0.994500,41.393600,3.539600'
1686750162.669655 ,b'Port,1,962.634300,-0.437800,25.939100,-0.069400,58.136100,2.472500,1679.833700,0.214500,41.029100,1.774600,14.920200,2.652900',b'Port,2,1.000000,1.000000,1.000000,1.000000,1.000000,1.000000,1.000000,1.000000,1.000000,1.000000,1.000000,1.000000',b'Port,3,0.000000,0.000000,0.000000,0.000000,0.000000,0.000000,0.000000,0.000000,0.000000,0.000000,0.000000,0.000000',b'Port,4,100.250700,-1.002000,105.858900,-2.769400,25.800700,-0.674100,26.571600,-0.675800,62.335200,-1.150100,42.374200,3.553700'
1686750162.8803377 ,b'Port,1,161.769300,0.081700,28.464100,-0.072600,58.117100,2.385200,1957.573600,1.414100,42.639000,-4.488900,15.728400,2.666500',b'Port,2,1.000000,1.000000,1.000000,1.000000,1.000000,1.000000,1.000000,1.000000,1.000000,1.000000,1.000000,1.000000',b'Port,3,0.000000,0.000000,0.000000,0.000000,0.000000,0.000000,0.000000,0.000000,0.000000,0.000000,0.000000,0.000000',b'Port,4,93.331400,-0.990900,84.043200,-2.324400,24.677000,-0.533800,30.447900,-0.552700,92.169600,-1.749000,33.252300,3.431600'
1686750163.0910382 ,b'Port,1,141.956600,0.103600,27.804900,-0.066300,55.399700,2.262800,290.585300,1.210300,43.488400,-4.467400,16.240400,2.679300',b'Port,2,1.000000,1.000000,1.000000,1.000000,1.000000,1.000000,1.000000,1.000000,1.000000,1.000000,1.000000,1.000000',b'Port,3,0.000000,0.000000,0.000000,0.000000,0.000000,0.000000,0.000000,0.000000,0.000000,0.000000,0.000000,0.000000',b'Port,4,101.593600,-1.036100,78.051100,-2.372100,24.492700,-0.566900,29.234100,-0.553500,91.358500,-2.055200,30.958900,3.433900'
1686750163.301826 ,b'Port,1,149.623500,0.369900,25.051400,-0.053700,59.501300,2.309100,722.418800,0.335800,40.660300,1.745800,15.221300,2.665200',b'Port,2,1.000000,1.000000,1.000000,1.000000,1.000000,1.000000,1.000000,1.000000,1.000000,1.000000,1.000000,1.000000',b'Port,3,0.000000,0.000000,0.000000,0.000000,0.000000,0.000000,0.000000,0.000000,0.000000,0.000000,0.000000,0.000000',b'Port,4,113.825800,-1.152500,116.954200,-3.782300,25.249900,-0.773000,28.327900,-0.693300,43.775300,-0.956900,53.717500,-2.472500'
1686750163.5123458 ,b'Port,1,165.432200,-5.715200,25.918100,-0.068000,63.385400,2.464200,1167.052700,-1.316800,43.880900,1.714600,14.258300,2.600600',b'Port,2,1.000000,1.000000,1.000000,1.000000,1.000000,1.000000,1.000000,1.000000,1.000000,1.000000,1.000000,1.000000',b'Port,3,0.000000,0.000000,0.000000,0.000000,0.000000,0.000000,0.000000,0.000000,0.000000,0.000000,0.000000,0.000000',b'Port,4,99.334100,-0.935900,102.209000,-2.711100,25.139400,-0.676500,25.182000,-0.638900,86.037500,-1.501700,45.929200,-2.610500'
1686750163.724126 ,b'Port,1,115.795300,0.081400,28.220000,-0.058900,57.764200,2.328700,8136.928200,-2.337500,44.856400,1.735300,14.811700,2.646400',b'Port,2,1.000000,1.000000,1.000000,1.000000,1.000000,1.000000,1.000000,1.000000,1.000000,1.000000,1.000000,1.000000',b'Port,3,0.000000,0.000000,0.000000,0.000000,0.000000,0.000000,0.000000,0.000000,0.000000,0.000000,0.000000,0.000000',b'Port,4,99.422900,-0.985900,88.725800,-2.337500,24.272800,-0.545000,28.591800,-0.550000,94.542300,-2.230700,35.642700,3.492800'
1686750163.9347625 ,b'Port,1,143.584300,0.231700,28.349800,-0.069200,56.360400,2.293500,195.334000,1.315200,43.356000,-4.498200,15.739900,2.680200',b'Port,2,1.000000,1.000000,1.000000,1.000000,1.000000,1.000000,1.000000,1.000000,1.000000,1.000000,1.000000,1.000000',b'Port,3,0.000000,0.000000,0.000000,0.000000,0.000000,0.000000,0.000000,0.000000,0.000000,0.000000,0.000000,0.000000',b'Port,4,102.980400,-1.056400,79.979800,-2.347900,24.087800,-0.555500,27.398600,-0.565300,85.755100,-2.436900,32.935300,3.488100'
1686750164.1454387 ,b'Port,1,165.694300,0.264700,25.970600,-0.067300,57.340200,2.356100,332.463100,1.195700,40.766900,1.774100,15.210900,2.655300',b'Port,2,1.000000,1.000000,1.000000,1.000000,1.000000,1.000000,1.000000,1.000000,1.000000,1.000000,1.000000,1.000000',b'Port,3,0.000000,0.000000,0.000000,0.000000,0.000000,0.000000,0.000000,0.000000,0.000000,0.000000,0.000000,0.000000',b'Port,4,98.749100,-1.036100,126.580300,-2.873100,26.809700,-0.710700,25.668600,-0.666400,59.510700,-1.138700,49.289300,-2.570900'
1686750164.3561378 ,b'Port,1,143.800300,0.340400,25.805200,-0.058600,56.918000,2.540200,2588.977200,-1.781500,46.114200,1.689100,14.941100,2.586000',b'Port,2,1.000000,1.000000,1.000000,1.000000,1.000000,1.000000,1.000000,1.000000,1.000000,1.000000,1.000000,1.000000',b'Port,3,0.000000,0.000000,0.000000,0.000000,0.000000,0.000000,0.000000,0.000000,0.000000,0.000000,0.000000,0.000000',b'Port,4,98.885100,-1.001700,86.726500,-2.362300,24.450800,-0.560700,28.410600,-0.568000,105.865500,-2.007100,34.132000,3.439100'
1686750164.5668278 ,b'Port,1,136.034700,0.097500,26.939800,-0.054800,60.815700,2.369800,2526.587400,1.937700,47.064200,1.740300,15.029400,2.636600',b'Port,2,1.000000,1.000000,1.000000,1.000000,1.000000,1.000000,1.000000,1.000000,1.000000,1.000000,1.000000,1.000000',b'Port,3,0.000000,0.000000,0.000000,0.000000,0.000000,0.000000,0.000000,0.000000,0.000000,0.000000,0.000000,0.000000',b'Port,4,102.760600,-1.062000,75.958100,-2.320300,24.021100,-0.573500,26.666300,-0.563000,83.602900,-2.615600,31.712700,3.451300'
1686750164.7775207 ,b'Port,1,136.574100,0.250200,25.897700,-0.042500,56.295100,2.340200,352.347000,0.860800,40.030300,-4.485200,15.505400,2.665500',b'Port,2,1.000000,1.000000,1.000000,1.000000,1.000000,1.000000,1.000000,1.000000,1.000000,1.000000,1.000000,1.000000',b'Port,3,0.000000,0.000000,0.000000,0.000000,0.000000,0.000000,0.000000,0.000000,0.000000,0.000000,0.000000,0.000000',b'Port,4,108.795700,-1.113400,132.702300,-3.461300,25.672900,-0.776700,28.393100,-0.701000,43.381700,-0.925600,47.313300,3.634700'
1686750164.9882674 ,b'Port,1,137.758100,0.284200,25.103200,-0.056400,59.979900,2.495300,1182.993700,-0.948400,42.815500,1.737100,14.219700,2.606500',b'Port,2,1.000000,1.000000,1.000000,1.000000,1.000000,1.000000,1.000000,1.000000,1.000000,1.000000,1.000000,1.000000',b'Port,3,0.000000,0.000000,0.000000,0.000000,0.000000,0.000000,0.000000,0.000000,0.000000,0.000000,0.000000,0.000000',b'Port,4,102.335000,-1.005400,92.166000,-2.615100,26.989900,-0.680100,25.770500,-0.669100,68.551600,-1.236700,43.528100,3.559900'
1686750165.1989508 ,b'Port,1,129.938000,0.115900,27.101400,-0.061100,59.665100,2.374100,1003.877600,-2.151600,45.570500,1.760400,14.462100,2.609000',b'Port,2,1.000000,1.000000,1.000000,1.000000,1.000000,1.000000,1.000000,1.000000,1.000000,1.000000,1.000000,1.000000',b'Port,3,0.000000,0.000000,0.000000,0.000000,0.000000,0.000000,0.000000,0.000000,0.000000,0.000000,0.000000,0.000000',b'Port,4,97.647800,-1.045100,85.319100,-2.280700,25.059100,-0.540900,30.061200,-0.582100,95.599500,-1.612300,34.128600,3.418900'
1686750165.409648 ,b'Port,1,118.464400,0.021800,28.389200,-0.068000,56.973300,2.294100,335.325400,1.612500,44.437300,-4.472500,15.654400,2.669600',b'Port,2,1.000000,1.000000,1.000000,1.000000,1.000000,1.000000,1.000000,1.000000,1.000000,1.000000,1.000000,1.000000',b'Port,3,0.000000,0.000000,0.000000,0.000000,0.000000,0.000000,0.000000,0.000000,0.000000,0.000000,0.000000,0.000000',b'Port,4,104.325500,-1.050400,83.401700,-2.348200,24.871100,-0.556000,28.482500,-0.558700,96.934400,-1.777100,30.577200,3.408800'
1686750165.6203375 ,b'Port,1,171.246700,0.258500,27.500000,-0.086500,56.948800,2.310800,348.391600,1.318700,43.689700,-4.493700,15.444200,2.666400',b'Port,2,1.000000,1.000000,1.000000,1.000000,1.000000,1.000000,1.000000,1.000000,1.000000,1.000000,1.000000,1.000000',b'Port,3,0.000000,0.000000,0.000000,0.000000,0.000000,0.000000,0.000000,0.000000,0.000000,0.000000,0.000000,0.000000',b'Port,4,101.074500,-1.234400,122.517700,-3.237800,25.605600,-0.727100,30.037000,-0.672400,43.841600,-0.962600,40.412000,3.507000'
1686750165.8309782 ,b'Port,1,152.105300,0.361400,25.789300,-0.079400,56.964700,2.490500,1130.065000,1.345000,42.071400,1.774300,14.482400,2.619400',b'Port,2,1.000000,1.000000,1.000000,1.000000,1.000000,1.000000,1.000000,1.000000,1.000000,1.000000,1.000000,1.000000',b'Port,3,0.000000,0.000000,0.000000,0.000000,0.000000,0.000000,0.000000,0.000000,0.000000,0.000000,0.000000,0.000000',b'Port,4,99.601200,-1.110700,119.577400,-2.869700,26.628700,-0.689200,27.403100,-0.671200,51.623800,-1.044100,43.844200,3.563100'
1686750166.0416858 ,b'Port,1,140.618300,0.178300,28.033000,-0.067900,54.755500,2.477600,1107.568400,-4.194400,45.227300,-4.497800,14.716300,2.609400',b'Port,2,1.000000,1.000000,1.000000,1.000000,1.000000,1.000000,1.000000,1.000000,1.000000,1.000000,1.000000,1.000000',b'Port,3,0.000000,0.000000,0.000000,0.000000,0.000000,0.000000,0.000000,0.000000,0.000000,0.000000,0.000000,0.000000',b'Port,4,98.478000,-1.000000,87.386900,-2.334500,24.954300,-0.557900,30.482900,-0.578400,85.188100,-1.542000,33.806200,3.419700'
1686750166.2523801 ,b'Port,1,128.509600,0.081500,28.824900,-0.074800,55.058600,2.324600,541.702400,1.595700,44.805600,-4.468500,15.400900,2.661900',b'Port,2,1.000000,1.000000,1.000000,1.000000,1.000000,1.000000,1.000000,1.000000,1.000000,1.000000,1.000000,1.000000',b'Port,3,0.000000,0.000000,0.000000,0.000000,0.000000,0.000000,0.000000,0.000000,0.000000,0.000000,0.000000,0.000000',b'Port,4,99.158100,-1.021700,88.874000,-2.305200,25.337800,-0.550700,29.892200,-0.558700,77.137700,-1.392100,29.871700,3.378900'
1686750166.463059 ,b'Port,1,130.782100,0.146600,26.430900,-0.078100,58.623300,2.321400,346.610600,1.548200,42.338400,-4.469400,15.552900,2.673000',b'Port,2,1.000000,1.000000,1.000000,1.000000,1.000000,1.000000,1.000000,1.000000,1.000000,1.000000,1.000000,1.000000',b'Port,3,0.000000,0.000000,0.000000,0.000000,0.000000,0.000000,0.000000,0.000000,0.000000,0.000000,0.000000,0.000000',b'Port,4,105.085300,-1.045500,121.881200,-3.024900,26.136100,-0.709500,30.829200,-0.668500,41.918300,-0.947800,36.851200,3.457800'
1686750166.6737514 ,b'Port,1,136.154800,-5.771800,25.653600,-0.076800,60.112700,2.407700,1673.405800,-2.263400,44.066100,1.736200,14.620800,2.610500',b'Port,2,1.000000,1.000000,1.000000,1.000000,1.000000,1.000000,1.000000,1.000000,1.000000,1.000000,1.000000,1.000000',b'Port,3,0.000000,0.000000,0.000000,0.000000,0.000000,0.000000,0.000000,0.000000,0.000000,0.000000,0.000000,0.000000',b'Port,4,103.601400,-1.060700,114.176800,-2.794900,26.469700,-0.683600,28.484900,-0.666900,52.720900,-1.093400,40.637700,3.533000'
1686750166.8845005 ,b'Port,1,143.396400,0.241500,26.635000,-0.063500,62.179500,2.456800,4420.777800,-1.350300,43.792000,1.729200,14.287600,2.592600',b'Port,2,1.000000,1.000000,1.000000,1.000000,1.000000,1.000000,1.000000,1.000000,1.000000,1.000000,1.000000,1.000000',b'Port,3,0.000000,0.000000,0.000000,0.000000,0.000000,0.000000,0.000000,0.000000,0.000000,0.000000,0.000000,0.000000',b'Port,4,99.860300,-0.955600,78.225000,-2.241500,24.276900,-0.527100,28.466100,-0.566500,96.017600,-2.280900,31.714300,3.422700'
1686750167.0951374 ,b'Port,1,112.953200,0.055000,28.662400,-0.078300,55.364000,2.366000,795.592400,1.949800,43.244900,-4.492700,15.210300,2.652700',b'Port,2,1.000000,1.000000,1.000000,1.000000,1.000000,1.000000,1.000000,1.000000,1.000000,1.000000,1.000000,1.000000',b'Port,3,0.000000,0.000000,0.000000,0.000000,0.000000,0.000000,0.000000,0.000000,0.000000,0.000000,0.000000,0.000000',b'Port,4,102.392700,-1.020900,80.743200,-2.295900,24.347400,-0.541000,28.578300,-0.572300,91.983300,-1.999500,28.154000,3.396500'
1686750167.3058484 ,b'Port,1,128.931600,0.202000,26.666300,-0.079800,57.627600,2.313200,335.814000,1.493900,41.741000,-4.488500,15.335900,2.665100',b'Port,2,1.000000,1.000000,1.000000,1.000000,1.000000,1.000000,1.000000,1.000000,1.000000,1.000000,1.000000,1.000000',b'Port,3,0.000000,0.000000,0.000000,0.000000,0.000000,0.000000,0.000000,0.000000,0.000000,0.000000,0.000000,0.000000',b'Port,4,103.257100,-1.043000,118.522100,-2.778400,25.523600,-0.705700,29.455600,-0.674600,53.931900,-1.101800,34.921700,3.470800'
1686750167.516531 ,b'Port,1,145.252800,0.383800,25.871100,-0.068800,62.094200,2.388400,2693.896200,-1.998800,43.045400,1.757500,14.194300,2.596000',b'Port,2,1.000000,1.000000,1.000000,1.000000,1.000000,1.000000,1.000000,1.000000,1.000000,1.000000,1.000000,1.000000',b'Port,3,0.000000,0.000000,0.000000,0.000000,0.000000,0.000000,0.000000,0.000000,0.000000,0.000000,0.000000,0.000000',b'Port,4,103.935500,-1.047400,125.642100,-2.835900,26.381100,-0.716800,27.311900,-0.686600,54.628900,-1.079200,43.841100,3.604000'
1686750167.7272294 ,b'Port,1,127.779600,0.040400,28.126800,-0.067400,56.855900,2.329000,521.143900,1.640200,43.566700,-4.460900,14.787500,2.638800',b'Port,2,1.000000,1.000000,1.000000,1.000000,1.000000,1.000000,1.000000,1.000000,1.000000,1.000000,1.000000,1.000000',b'Port,3,0.000000,0.000000,0.000000,0.000000,0.000000,0.000000,0.000000,0.000000,0.000000,0.000000,0.000000,0.000000',b'Port,4,99.585600,-1.011100,82.860000,-2.312300,24.909600,-0.553200,28.089800,-0.572600,89.546900,-2.072900,33.408600,3.463400'
1686750167.9379249 ,b'Port,1,129.534800,0.085200,27.278900,-0.081400,58.247900,2.246000,272.544200,1.297000,41.249100,-4.471300,15.046100,2.659400',b'Port,2,1.000000,1.000000,1.000000,1.000000,1.000000,1.000000,1.000000,1.000000,1.000000,1.000000,1.000000,1.000000',b'Port,3,0.000000,0.000000,0.000000,0.000000,0.000000,0.000000,0.000000,0.000000,0.000000,0.000000,0.000000,0.000000',b'Port,4,105.414500,-1.051000,122.988500,-2.938100,25.721000,-0.726800,30.252800,-0.683900,48.669300,-1.022800,35.221200,3.461700'
1686750168.1486325 ,b'Port,1,139.746900,0.386600,26.915700,-0.078300,56.925100,2.380300,1921.707700,0.222500,40.068700,-4.486800,14.313700,2.618500',b'Port,2,1.000000,1.000000,1.000000,1.000000,1.000000,1.000000,1.000000,1.000000,1.000000,1.000000,1.000000,1.000000',b'Port,3,0.000000,0.000000,0.000000,0.000000,0.000000,0.000000,0.000000,0.000000,0.000000,0.000000,0.000000,0.000000',b'Port,4,102.925800,-1.071700,138.714100,-3.152500,25.851200,-0.711000,30.307000,-0.680300,43.350700,-0.942400,49.926600,-2.594400'
1686750168.3593304 ,b'Port,1,135.505100,0.056100,28.162900,-0.080900,57.281600,2.397500,786.154600,1.614500,44.610400,1.765500,14.670700,2.630100',b'Port,2,1.000000,1.000000,1.000000,1.000000,1.000000,1.000000,1.000000,1.000000,1.000000,1.000000,1.000000,1.000000',b'Port,3,0.000000,0.000000,0.000000,0.000000,0.000000,0.000000,0.000000,0.000000,0.000000,0.000000,0.000000,0.000000',b'Port,4,105.303400,-1.025400,88.238800,-2.300100,25.341800,-0.541900,29.873500,-0.578300,84.187700,-1.589400,33.261700,3.416100'
1686750168.5700142 ,b'Port,1,113.476400,-0.020500,28.308000,-0.082500,58.212700,2.317200,278.830000,1.527300,42.022200,-4.457400,15.225600,2.657700',b'Port,2,1.000000,1.000000,1.000000,1.000000,1.000000,1.000000,1.000000,1.000000,1.000000,1.000000,1.000000,1.000000',b'Port,3,0.000000,0.000000,0.000000,0.000000,0.000000,0.000000,0.000000,0.000000,0.000000,0.000000,0.000000,0.000000',b'Port,4,102.919100,-1.087000,87.940200,-2.352300,24.623800,-0.534500,28.450900,-0.575800,84.934000,-1.669400,30.496100,3.413400'
1686750168.7807102 ,b'Port,1,131.648400,0.013900,27.620000,-0.088300,55.164600,2.300100,188.154000,1.333500,40.244100,-4.443600,15.130000,2.666000',b'Port,2,1.000000,1.000000,1.000000,1.000000,1.000000,1.000000,1.000000,1.000000,1.000000,1.000000,1.000000,1.000000',b'Port,3,0.000000,0.000000,0.000000,0.000000,0.000000,0.000000,0.000000,0.000000,0.000000,0.000000,0.000000,0.000000',b'Port,4,114.113500,-1.141600,130.034700,-3.044000,25.704300,-0.729700,30.491500,-0.688000,43.601900,-0.962900,39.584700,3.516500'
1686750168.9914153 ,b'Port,1,130.467300,0.347500,26.039000,-0.082000,59.801300,2.341800,979.802400,1.053700,40.527700,-4.498500,14.249900,2.621800',b'Port,2,1.000000,1.000000,1.000000,1.000000,1.000000,1.000000,1.000000,1.000000,1.000000,1.000000,1.000000,1.000000',b'Port,3,0.000000,0.000000,0.000000,0.000000,0.000000,0.000000,0.000000,0.000000,0.000000,0.000000,0.000000,0.000000',b'Port,4,107.337200,-1.130100,138.663700,-3.385000,26.627000,-0.743800,28.144700,-0.678900,47.122600,-0.971300,52.418300,-2.533200'
1686750169.2020988 ,b'Port,1,123.980000,0.019500,25.971500,-0.059900,57.932200,2.431700,1910.701700,1.425800,43.347000,1.749700,13.735500,2.591400',b'Port,2,1.000000,1.000000,1.000000,1.000000,1.000000,1.000000,1.000000,1.000000,1.000000,1.000000,1.000000,1.000000',b'Port,3,0.000000,0.000000,0.000000,0.000000,0.000000,0.000000,0.000000,0.000000,0.000000,0.000000,0.000000,0.000000',b'Port,4,95.881900,-0.951000,82.627200,-2.336100,24.482100,-0.540100,27.423100,-0.572200,91.519500,-2.226100,36.378500,3.509700'
1686750169.4128208 ,b'Port,1,102.434500,0.045900,28.197700,-0.070400,55.239500,2.294100,355.391400,1.325600,41.464800,-4.462100,14.706200,2.644400',b'Port,2,1.000000,1.000000,1.000000,1.000000,1.000000,1.000000,1.000000,1.000000,1.000000,1.000000,1.000000,1.000000',b'Port,3,0.000000,0.000000,0.000000,0.000000,0.000000,0.000000,0.000000,0.000000,0.000000,0.000000,0.000000,0.000000',b'Port,4,98.342400,-0.987700,88.903000,-2.349500,23.953600,-0.533700,27.495100,-0.584900,89.879000,-1.834100,33.310800,3.476400'
1686750169.6244986 ,b'Port,1,142.631300,0.003700,27.208300,-0.069700,52.823800,2.328900,173.180300,1.404600,40.310200,-4.444700,15.145300,2.652300',b'Port,2,1.000000,1.000000,1.000000,1.000000,1.000000,1.000000,1.000000,1.000000,1.000000,1.000000,1.000000,1.000000',b'Port,3,0.000000,0.000000,0.000000,0.000000,0.000000,0.000000,0.000000,0.000000,0.000000,0.000000,0.000000,0.000000',b'Port,4,104.913700,-1.075300,122.609000,-3.030200,28.989900,-0.644600,29.936800,-0.652300,46.924300,-1.025100,39.597400,3.512900'
1686750169.8351865 ,b'Port,1,127.788100,0.266900,26.364800,-0.090600,57.138700,2.371600,539.927400,1.161200,39.462900,-4.480700,14.100600,2.621200',b'Port,2,1.000000,1.000000,1.000000,1.000000,1.000000,1.000000,1.000000,1.000000,1.000000,1.000000,1.000000,1.000000',b'Port,3,0.000000,0.000000,0.000000,0.000000,0.000000,0.000000,0.000000,0.000000,0.000000,0.000000,0.000000,0.000000',b'Port,4,108.879500,-1.115500,129.669200,-3.559200,27.198400,-0.757300,29.401600,-0.663200,41.631900,-0.935800,56.472700,-2.469200'
1686750170.0458753 ,b'Port,1,131.634300,0.331500,26.604000,-0.087300,54.426500,2.517200,2293.185000,-3.118000,42.642100,1.756600,13.987000,2.572800',b'Port,2,1.000000,1.000000,1.000000,1.000000,1.000000,1.000000,1.000000,1.000000,1.000000,1.000000,1.000000,1.000000',b'Port,3,0.000000,0.000000,0.000000,0.000000,0.000000,0.000000,0.000000,0.000000,0.000000,0.000000,0.000000,0.000000',b'Port,4,101.944100,-1.073000,94.739200,-2.388800,25.433500,-0.548000,29.117000,-0.570200,64.714900,-1.379500,36.791900,3.502900'
1686750170.2565696 ,b'Port,1,126.213000,0.054800,29.142700,-0.102000,49.985600,2.497100,261.160400,1.861600,44.068000,-4.454200,14.489900,2.579400',b'Port,2,1.000000,1.000000,1.000000,1.000000,1.000000,1.000000,1.000000,1.000000,1.000000,1.000000,1.000000,1.000000',b'Port,3,0.000000,0.000000,0.000000,0.000000,0.000000,0.000000,0.000000,0.000000,0.000000,0.000000,0.000000,0.000000',b'Port,4,105.704000,-1.219900,128.572700,-2.723000,25.731000,-0.540100,32.333100,-0.588300,40.098700,-1.030100,30.925300,3.415100'
1686750170.4672768 ,b'Port,1,118.529100,0.078900,29.473200,-0.095800,51.826700,2.468100,370.192700,-4.109800,45.765100,-4.462400,14.750700,2.572400',b'Port,2,1.000000,1.000000,1.000000,1.000000,1.000000,1.000000,1.000000,1.000000,1.000000,1.000000,1.000000,1.000000',b'Port,3,0.000000,0.000000,0.000000,0.000000,0.000000,0.000000,0.000000,0.000000,0.000000,0.000000,0.000000,0.000000',b'Port,4,108.798800,-1.042800,113.674600,-3.440800,27.236400,-0.660200,34.538400,-0.627800,31.351700,-0.879400,39.474400,3.520700'
1686750170.6789632 ,b'Port,1,108.555400,0.163200,23.083100,-0.055700,79.671900,2.658700,1728.568900,2.052600,49.944700,1.695200,16.069800,2.646500',b'Port,2,1.000000,1.000000,1.000000,1.000000,1.000000,1.000000,1.000000,1.000000,1.000000,1.000000,1.000000,1.000000',b'Port,3,0.000000,0.000000,0.000000,0.000000,0.000000,0.000000,0.000000,0.000000,0.000000,0.000000,0.000000,0.000000',b'Port,4,120.539900,-1.231300,83.920700,2.148200,29.207100,-0.844700,33.501200,-0.671300,31.800400,-0.805700,67.832200,-1.965300'
1686750170.889659 ,b'Port,1,81.445100,-0.174100,23.462000,-0.096700,84.901100,2.456300,267.627300,-2.441900,43.360100,-4.438400,20.070200,2.747600',b'Port,2,1.000000,1.000000,1.000000,1.000000,1.000000,1.000000,1.000000,1.000000,1.000000,1.000000,1.000000,1.000000',b'Port,3,0.000000,0.000000,0.000000,0.000000,0.000000,0.000000,0.000000,0.000000,0.000000,0.000000,0.000000,0.000000',b'Port,4,108.851300,-1.187600,85.171700,2.252500,30.974700,-0.890500,31.369300,-0.697400,39.262200,-0.808400,61.835400,-1.474900'
1686750171.1003504 ,b'Port,1,80.670000,-0.220800,34.549600,-0.312700,46.603000,2.560300,77.958200,1.749400,46.492600,-4.272600,21.499600,2.710500',b'Port,2,1.000000,1.000000,1.000000,1.000000,1.000000,1.000000,1.000000,1.000000,1.000000,1.000000,1.000000,1.000000',b'Port,3,0.000000,0.000000,0.000000,0.000000,0.000000,0.000000,0.000000,0.000000,0.000000,0.000000,0.000000,0.000000',b'Port,4,109.373500,-1.300300,80.304600,2.210100,30.615900,-0.896000,39.601600,-0.613300,41.657300,-0.925300,62.537800,-1.459900'
1686750171.3111584 ,b'Port,1,93.961500,-0.355400,67.257000,-0.568800,39.970700,2.408600,47.833800,1.566600,62.148800,-3.980900,26.048800,2.718300',b'Port,2,1.000000,1.000000,1.000000,1.000000,1.000000,1.000000,1.000000,1.000000,1.000000,1.000000,1.000000,1.000000',b'Port,3,0.000000,0.000000,0.000000,0.000000,0.000000,0.000000,0.000000,0.000000,0.000000,0.000000,0.000000,0.000000',b'Port,4,143.441100,-1.346500,74.361800,1.965600,31.278600,-0.679200,126.640500,0.046900,31.750900,-1.033300,46.452900,-2.493700'
1686750171.5217469 ,b'Port,1,114.335200,-0.449300,100.527000,-0.469500,53.732400,2.097700,51.569400,1.458300,108.296600,-3.778200,27.835200,2.651500',b'Port,2,1.000000,1.000000,1.000000,1.000000,1.000000,1.000000,1.000000,1.000000,1.000000,1.000000,1.000000,1.000000',b'Port,3,0.000000,0.000000,0.000000,0.000000,0.000000,0.000000,0.000000,0.000000,0.000000,0.000000,0.000000,0.000000',b'Port,4,154.543100,-1.564000,73.823300,1.874900,29.821200,-0.680400,164.211000,0.841300,39.278100,-1.326100,41.420000,-2.541900'
1686750171.732528 ,b'Port,1,144.191400,-0.583600,103.832100,-0.416200,54.144900,2.255600,56.703000,1.461300,172.381200,-3.687500,30.553500,2.626900',b'Port,2,1.000000,1.000000,1.000000,1.000000,1.000000,1.000000,1.000000,1.000000,1.000000,1.000000,1.000000,1.000000',b'Port,3,0.000000,0.000000,0.000000,0.000000,0.000000,0.000000,0.000000,0.000000,0.000000,0.000000,0.000000,0.000000',b'Port,4,155.955700,-1.385800,77.713300,1.857400,32.976800,-0.623600,182.372200,0.613200,31.418300,-1.127900,36.910400,3.619100'
1686750171.9432127 ,b'Port,1,118.951700,-0.411400,102.640500,-0.323400,48.369700,2.334500,55.699500,1.532200,136.124400,-3.834600,32.157800,2.669800',b'Port,2,1.000000,1.000000,1.000000,1.000000,1.000000,1.000000,1.000000,1.000000,1.000000,1.000000,1.000000,1.000000',b'Port,3,0.000000,0.000000,0.000000,0.000000,0.000000,0.000000,0.000000,0.000000,0.000000,0.000000,0.000000,0.000000',b'Port,4,157.484100,-1.379500,72.831000,1.908200,28.913600,-0.693100,204.860800,0.497200,28.360500,-1.033700,38.319300,3.595300'
1686750172.1538262 ,b'Port,1,123.737300,-0.424900,111.503100,-0.406200,49.508300,2.214600,52.174700,1.482600,107.740400,-3.943400,29.237700,2.654300',b'Port,2,1.000000,1.000000,1.000000,1.000000,1.000000,1.000000,1.000000,1.000000,1.000000,1.000000,1.000000,1.000000',b'Port,3,0.000000,0.000000,0.000000,0.000000,0.000000,0.000000,0.000000,0.000000,0.000000,0.000000,0.000000,0.000000',b'Port,4,134.217500,-1.250800,85.020000,1.976800,29.386200,-0.686900,106.740900,-0.412400,22.115100,-0.874100,36.136300,3.492900'
1686750172.364456 ,b'Port,1,133.620600,-0.644300,126.901400,-0.404600,48.628200,2.225100,53.917200,1.482400,98.557800,-3.927500,28.332700,2.599000',b'Port,2,1.000000,1.000000,1.000000,1.000000,1.000000,1.000000,1.000000,1.000000,1.000000,1.000000,1.000000,1.000000',b'Port,3,0.000000,0.000000,0.000000,0.000000,0.000000,0.000000,0.000000,0.000000,0.000000,0.000000,0.000000,0.000000',b'Port,4,117.362000,-1.170900,88.861100,2.039400,29.818300,-0.690300,66.408300,-0.594400,20.943300,-0.812900,35.615000,3.463100'
1686750172.5752275 ,b'Port,1,140.512900,-0.695700,128.234800,-0.385600,53.150300,2.130500,58.660700,1.472400,91.271600,-3.898200,26.743400,2.576600',b'Port,2,1.000000,1.000000,1.000000,1.000000,1.000000,1.000000,1.000000,1.000000,1.000000,1.000000,1.000000,1.000000',b'Port,3,0.000000,0.000000,0.000000,0.000000,0.000000,0.000000,0.000000,0.000000,0.000000,0.000000,0.000000,0.000000',b'Port,4,115.789300,-1.029700,98.793300,2.143500,30.954100,-0.729600,55.799200,-0.676700,22.305300,-0.800600,40.383200,3.542000'
1686750172.7858436 ,b'Port,1,139.594900,-0.653600,101.513500,-0.294700,58.646100,2.069500,55.509700,1.428200,125.294000,-3.823400,28.446000,2.563200',b'Port,2,1.000000,1.000000,1.000000,1.000000,1.000000,1.000000,1.000000,1.000000,1.000000,1.000000,1.000000,1.000000',b'Port,3,0.000000,0.000000,0.000000,0.000000,0.000000,0.000000,0.000000,0.000000,0.000000,0.000000,0.000000,0.000000',b'Port,4,112.725500,-1.027200,104.615900,2.061300,31.061000,-0.703100,68.592500,-0.658900,22.334500,-0.836900,38.164100,3.539800'
1686750172.9965367 ,b'Port,1,137.927000,-0.577700,122.386000,-0.217400,70.974400,1.866000,64.423900,1.354700,156.675200,-3.789200,29.123300,2.572400',b'Port,2,1.000000,1.000000,1.000000,1.000000,1.000000,1.000000,1.000000,1.000000,1.000000,1.000000,1.000000,1.000000',b'Port,3,0.000000,0.000000,0.000000,0.000000,0.000000,0.000000,0.000000,0.000000,0.000000,0.000000,0.000000,0.000000',b'Port,4,121.195300,-1.124000,103.697700,1.975400,30.667200,-0.732800,87.403000,-0.575800,24.619300,-0.887600,41.659600,3.638200'
1686750173.2072415 ,b'Port,1,145.247000,-0.504800,111.548200,-0.224600,84.595500,1.565900,109.428500,1.441700,138.147900,-3.405300,40.260100,2.649800',b'Port,2,1.000000,1.000000,1.000000,1.000000,1.000000,1.000000,1.000000,1.000000,1.000000,1.000000,1.000000,1.000000',b'Port,3,0.000000,0.000000,0.000000,0.000000,0.000000,0.000000,0.000000,0.000000,0.000000,0.000000,0.000000,0.000000',b'Port,4,120.176800,-1.026500,95.558000,1.972200,34.551000,-0.654200,110.926500,-0.481000,24.499700,-0.915700,39.499800,3.641500'
1686750173.417938 ,b'Port,1,125.936800,-0.556600,118.623500,-0.205800,88.075400,1.322900,136.282400,1.525600,181.568800,-3.342400,42.789100,2.706400',b'Port,2,1.000000,1.000000,1.000000,1.000000,1.000000,1.000000,1.000000,1.000000,1.000000,1.000000,1.000000,1.000000',b'Port,3,0.000000,0.000000,0.000000,0.000000,0.000000,0.000000,0.000000,0.000000,0.000000,0.000000,0.000000,0.000000',b'Port,4,119.157200,-1.282100,90.886000,1.976800,34.628100,-0.622100,105.737900,-0.570300,24.425200,-0.911900,40.712100,3.643600'
1686750173.6316364 ,b'Port,1,129.707300,-0.610000,176.330500,-0.288700,84.259200,0.985600,54.820400,1.823500,105.320100,-3.559300,39.248600,2.690400',b'Port,2,1.000000,1.000000,1.000000,1.000000,1.000000,1.000000,1.000000,1.000000,1.000000,1.000000,1.000000,1.000000',b'Port,3,0.000000,0.000000,0.000000,0.000000,0.000000,0.000000,0.000000,0.000000,0.000000,0.000000,0.000000,0.000000',b'Port,4,111.452600,-1.010400,123.148800,2.268200,29.367900,-0.652600,58.191800,-0.637500,18.439700,-0.855700,22.687900,3.305000'
1686750173.8423193 ,b'Port,1,114.307500,-0.640500,226.429500,-0.317100,58.671600,0.538600,61.803800,1.773900,73.436600,-3.745900,31.539400,2.628400',b'Port,2,1.000000,1.000000,1.000000,1.000000,1.000000,1.000000,1.000000,1.000000,1.000000,1.000000,1.000000,1.000000',b'Port,3,0.000000,0.000000,0.000000,0.000000,0.000000,0.000000,0.000000,0.000000,0.000000,0.000000,0.000000,0.000000',b'Port,4,115.888100,-1.005800,117.505500,2.125500,28.895000,-0.657500,82.407800,-0.484700,18.119200,-0.840200,16.956900,3.230000'
1686750174.0530136 ,b'Port,1,120.930700,-0.825900,230.983800,0.020700,47.129200,0.403100,288.990900,0.285600,53.724600,-3.912900,26.055200,2.541400',b'Port,2,1.000000,1.000000,1.000000,1.000000,1.000000,1.000000,1.000000,1.000000,1.000000,1.000000,1.000000,1.000000',b'Port,3,0.000000,0.000000,0.000000,0.000000,0.000000,0.000000,0.000000,0.000000,0.000000,0.000000,0.000000,0.000000',b'Port,4,143.072600,-1.350700,84.692900,1.892400,32.161900,-0.748000,102.014400,-0.628100,34.435500,-1.019900,37.511600,3.572700'
1686750174.2637076 ,b'Port,1,124.432400,-0.975200,264.084900,0.033800,52.102400,0.340200,67.869800,1.700600,46.804800,-4.016100,23.354800,2.570800',b'Port,2,1.000000,1.000000,1.000000,1.000000,1.000000,1.000000,1.000000,1.000000,1.000000,1.000000,1.000000,1.000000',b'Port,3,0.000000,0.000000,0.000000,0.000000,0.000000,0.000000,0.000000,0.000000,0.000000,0.000000,0.000000,0.000000',b'Port,4,159.656000,-1.500100,81.830600,1.838300,37.715100,-0.784300,87.250400,-0.724800,64.898500,-1.220800,71.958100,-1.710700'
1686750174.4744017 ,b'Port,1,132.291300,-0.854900,217.627800,-0.018300,58.358400,0.356000,62.589700,1.696900,44.469000,-4.030400,23.847700,2.585800',b'Port,2,1.000000,1.000000,1.000000,1.000000,1.000000,1.000000,1.000000,1.000000,1.000000,1.000000,1.000000,1.000000',b'Port,3,0.000000,0.000000,0.000000,0.000000,0.000000,0.000000,0.000000,0.000000,0.000000,0.000000,0.000000,0.000000',b'Port,4,158.412700,-1.526600,75.678700,1.818600,37.500000,-0.790300,100.584000,-0.722100,67.708900,-1.279600,71.903600,-1.712700'
1686750174.685098 ,b'Port,1,143.326200,-0.987200,202.698000,0.081100,55.678100,0.368800,64.181200,1.697400,47.970100,-4.018200,23.802900,2.577700',b'Port,2,1.000000,1.000000,1.000000,1.000000,1.000000,1.000000,1.000000,1.000000,1.000000,1.000000,1.000000,1.000000',b'Port,3,0.000000,0.000000,0.000000,0.000000,0.000000,0.000000,0.000000,0.000000,0.000000,0.000000,0.000000,0.000000',b'Port,4,160.597000,-1.359500,78.783100,1.821600,39.490200,-0.796800,105.988400,-0.702500,74.309400,-1.345200,71.373300,-1.627500'
1686750174.8957965 ,b'Port,1,126.726200,-0.940000,287.535700,0.021800,76.715800,0.439300,55.995500,1.631500,50.532500,-3.994100,24.686400,2.593800',b'Port,2,1.000000,1.000000,1.000000,1.000000,1.000000,1.000000,1.000000,1.000000,1.000000,1.000000,1.000000,1.000000',b'Port,3,0.000000,0.000000,0.000000,0.000000,0.000000,0.000000,0.000000,0.000000,0.000000,0.000000,0.000000,0.000000',b'Port,4,172.873600,-1.297700,71.498200,1.872700,39.169100,-0.789900,126.572300,-0.648300,79.497100,-1.349200,68.847000,-1.644000'
1686750175.1064932 ,b'Port,1,139.711700,-0.889900,233.102700,-0.137700,90.187800,0.507700,54.000800,1.644500,49.724400,-3.988500,25.148600,2.576800',b'Port,2,1.000000,1.000000,1.000000,1.000000,1.000000,1.000000,1.000000,1.000000,1.000000,1.000000,1.000000,1.000000',b'Port,3,0.000000,0.000000,0.000000,0.000000,0.000000,0.000000,0.000000,0.000000,0.000000,0.000000,0.000000,0.000000',b'Port,4,180.280700,-1.594000,81.331900,1.867800,38.614300,-0.758600,137.064100,-0.628300,83.017200,-1.418100,65.217200,-1.739700'
1686750175.317185 ,b'Port,1,121.996200,-0.737500,225.368200,-0.088000,100.484000,0.586900,52.031900,1.668700,53.227200,-3.930200,26.754500,2.575800',b'Port,2,1.000000,1.000000,1.000000,1.000000,1.000000,1.000000,1.000000,1.000000,1.000000,1.000000,1.000000,1.000000',b'Port,3,0.000000,0.000000,0.000000,0.000000,0.000000,0.000000,0.000000,0.000000,0.000000,0.000000,0.000000,0.000000',b'Port,4,181.222900,-1.351200,80.421800,1.860200,37.982800,-0.751100,144.324200,-0.560800,82.220900,-1.451500,68.250000,-1.731900'
1686750175.5278838 ,b'Port,1,128.395400,-0.802900,201.446800,-0.148600,108.385400,0.737500,52.250900,1.678100,53.230100,-3.956100,28.476100,2.591200',b'Port,2,1.000000,1.000000,1.000000,1.000000,1.000000,1.000000,1.000000,1.000000,1.000000,1.000000,1.000000,1.000000',b'Port,3,0.000000,0.000000,0.000000,0.000000,0.000000,0.000000,0.000000,0.000000,0.000000,0.000000,0.000000,0.000000',b'Port,4,190.257800,-1.569400,78.004200,1.870500,37.353200,-0.757500,173.513700,-0.529600,83.459500,-1.517800,66.308300,-1.782900'
1686750175.7385783 ,b'Port,1,155.052300,-0.821900,232.002800,-0.311600,130.456400,0.844200,49.323400,1.648200,55.913700,-3.940700,28.070000,2.591200',b'Port,2,1.000000,1.000000,1.000000,1.000000,1.000000,1.000000,1.000000,1.000000,1.000000,1.000000,1.000000,1.000000',b'Port,3,0.000000,0.000000,0.000000,0.000000,0.000000,0.000000,0.000000,0.000000,0.000000,0.000000,0.000000,0.000000',b'Port,4,182.246300,-1.661500,77.840600,1.863700,43.385500,-0.671400,198.191600,-0.382600,84.762800,-1.603500,64.989000,-1.842200'
1686750175.9492772 ,b'Port,1,141.392300,-0.817100,197.633600,-0.197300,124.069600,0.830000,50.401800,1.656900,56.782700,-3.928300,28.773400,2.583300',b'Port,2,1.000000,1.000000,1.000000,1.000000,1.000000,1.000000,1.000000,1.000000,1.000000,1.000000,1.000000,1.000000',b'Port,3,0.000000,0.000000,0.000000,0.000000,0.000000,0.000000,0.000000,0.000000,0.000000,0.000000,0.000000,0.000000',b'Port,4,196.453500,-1.522600,81.903300,1.839100,37.473400,-0.745500,183.724900,-0.339300,84.218800,-1.606300,64.010000,-1.835500'
1686750176.1599686 ,b'Port,1,142.546900,-0.750600,239.125900,-0.219600,93.293300,0.734700,93.975100,1.259800,57.631600,-3.925800,29.385700,2.618500',b'Port,2,1.000000,1.000000,1.000000,1.000000,1.000000,1.000000,1.000000,1.000000,1.000000,1.000000,1.000000,1.000000',b'Port,3,0.000000,0.000000,0.000000,0.000000,0.000000,0.000000,0.000000,0.000000,0.000000,0.000000,0.000000,0.000000',b'Port,4,184.035600,-1.565700,84.919500,1.836000,37.386400,-0.734900,223.899700,-0.411000,80.300200,-1.612200,65.753200,-1.820500'
1686750176.3706672 ,b'Port,1,143.351800,-0.825000,209.948000,-0.282000,113.306700,0.865700,92.639600,1.224100,57.745200,-3.922400,28.399200,2.606200',b'Port,2,1.000000,1.000000,1.000000,1.000000,1.000000,1.000000,1.000000,1.000000,1.000000,1.000000,1.000000,1.000000',b'Port,3,0.000000,0.000000,0.000000,0.000000,0.000000,0.000000,0.000000,0.000000,0.000000,0.000000,0.000000,0.000000',b'Port,4,176.042400,-1.633800,81.182600,1.846200,37.333100,-0.736100,206.440200,-0.525300,77.054900,-1.545200,63.988900,-1.859600'
1686750176.5833917 ,b'Port,1,125.607900,-0.806000,272.006700,-0.157100,141.397300,1.040800,44.725100,1.685100,58.036300,-3.905800,29.050000,2.624600',b'Port,2,1.000000,1.000000,1.000000,1.000000,1.000000,1.000000,1.000000,1.000000,1.000000,1.000000,1.000000,1.000000',b'Port,3,0.000000,0.000000,0.000000,0.000000,0.000000,0.000000,0.000000,0.000000,0.000000,0.000000,0.000000,0.000000',b'Port,4,178.257000,-1.455100,83.118800,1.849500,37.187400,-0.753100,194.356800,-0.536500,77.786900,-1.482100,63.487600,-1.866700'
1686750176.7941153 ,b'Port,1,148.515500,-0.927000,241.450400,-0.277600,159.858700,1.251000,87.382400,1.280100,61.587500,-3.937600,28.651400,2.629300',b'Port,2,1.000000,1.000000,1.000000,1.000000,1.000000,1.000000,1.000000,1.000000,1.000000,1.000000,1.000000,1.000000',b'Port,3,0.000000,0.000000,0.000000,0.000000,0.000000,0.000000,0.000000,0.000000,0.000000,0.000000,0.000000,0.000000',b'Port,4,178.202000,-1.528400,78.525300,1.850000,36.760800,-0.739000,186.410000,-0.497000,77.521800,-1.454500,64.610400,-1.863300'
1686750177.0051303 ,b'Port,1,134.366500,-0.904300,297.745200,-0.293300,165.850600,1.413600,43.115700,1.666200,59.005000,-3.933300,29.965200,2.645000',b'Port,2,1.000000,1.000000,1.000000,1.000000,1.000000,1.000000,1.000000,1.000000,1.000000,1.000000,1.000000,1.000000',b'Port,3,0.000000,0.000000,0.000000,0.000000,0.000000,0.000000,0.000000,0.000000,0.000000,0.000000,0.000000,0.000000',b'Port,4,176.312200,-1.534600,84.207500,1.837200,36.855100,-0.745300,189.942200,-0.531600,75.594700,-1.523200,63.535000,-1.891100'
