1686750236.2481987 ,b'Port,1,139.161800,-0.996900,365.847900,-0.091400,82.405600,1.480700,129.313800,1.082700,46.173500,-3.753300,26.517100,2.491300',b'Port,2,1.000000,1.000000,1.000000,1.000000,1.000000,1.000000,1.000000,1.000000,1.000000,1.000000,1.000000,1.000000',b'Port,3,0.000000,0.000000,0.000000,0.000000,0.000000,0.000000,0.000000,0.000000,0.000000,0.000000,0.000000,0.000000',b'Port,4,198.429200,-1.738600,74.648500,1.835500,35.134200,-0.731300,163.724400,2.915800,46.444100,-1.014400,66.064300,-1.822400'
1686750236.2484975 ,b'Port,1,112.530400,-0.842900,486.592500,-0.097500,85.332300,1.465600,122.339400,1.124700,80.454200,-4.269500,26.099800,2.510100',b'Port,2,1.000000,1.000000,1.000000,1.000000,1.000000,1.000000,1.000000,1.000000,1.000000,1.000000,1.000000,1.000000',b'Port,3,0.000000,0.000000,0.000000,0.000000,0.000000,0.000000,0.000000,0.000000,0.000000,0.000000,0.000000,0.000000',b'Port,4,182.752300,-1.708300,78.746100,1.852700,34.672500,-0.724400,169.738600,2.886700,47.758300,-1.026200,64.840500,-1.813100'
1686750236.2487736 ,b'Port,1,132.374700,-1.022600,364.706300,-0.225500,83.234200,1.442500,128.462900,1.142300,79.944600,-4.316300,25.631300,2.512600',b'Port,2,1.000000,1.000000,1.000000,1.000000,1.000000,1.000000,1.000000,1.000000,1.000000,1.000000,1.000000,1.000000',b'Port,3,0.000000,0.000000,0.000000,0.000000,0.000000,0.000000,0.000000,0.000000,0.000000,0.000000,0.000000,0.000000',b'Port,4,185.927500,-1.681300,76.821300,1.839500,35.125400,-0.716900,164.551700,2.921600,48.128800,-1.054100,64.268400,-1.865000'
1686750236.249336 ,b'Port,1,117.867100,-1.016600,382.540700,-0.150400,83.050200,1.558300,115.384700,1.167700,82.555400,-4.304600,25.719000,2.514900',b'Port,2,1.000000,1.000000,1.000000,1.000000,1.000000,1.000000,1.000000,1.000000,1.000000,1.000000,1.000000,1.000000',b'Port,3,0.000000,0.000000,0.000000,0.000000,0.000000,0.000000,0.000000,0.000000,0.000000,0.000000,0.000000,0.000000',b'Port,4,184.573700,-1.614100,80.633800,1.876300,35.774500,-0.729300,183.316100,2.891300,47.638000,-1.052400,65.286500,-1.822000'
1686750236.2721298 ,b'Port,1,121.735300,-0.819200,360.824400,-0.244200,87.139300,1.587700,125.011500,1.144800,46.704000,-3.784800,25.883500,2.520200',b'Port,2,1.000000,1.000000,1.000000,1.000000,1.000000,1.000000,1.000000,1.000000,1.000000,1.000000,1.000000,1.000000',b'Port,3,0.000000,0.000000,0.000000,0.000000,0.000000,0.000000,0.000000,0.000000,0.000000,0.000000,0.000000,0.000000',b'Port,4,188.536300,-1.637900,78.190400,1.854100,34.979200,-0.737900,181.634100,2.900400,47.073200,-1.022600,64.566200,-1.789000'
1686750236.4826953 ,b'Port,1,122.045100,-0.837000,542.757700,-0.133200,85.325800,1.443600,127.481600,1.140700,84.499300,-4.367300,26.257300,2.528200',b'Port,2,1.000000,1.000000,1.000000,1.000000,1.000000,1.000000,1.000000,1.000000,1.000000,1.000000,1.000000,1.000000',b'Port,3,0.000000,0.000000,0.000000,0.000000,0.000000,0.000000,0.000000,0.000000,0.000000,0.000000,0.000000,0.000000',b'Port,4,188.277500,-1.695500,76.876000,1.859900,34.587900,-0.725900,191.180000,3.005500,48.101300,-1.032100,64.240800,-1.824500'
1686750236.6933904 ,b'Port,1,129.567100,-0.943500,575.142200,-0.309000,85.588100,1.580600,113.992600,1.168200,81.840800,-4.305900,26.654500,2.514900',b'Port,2,1.000000,1.000000,1.000000,1.000000,1.000000,1.000000,1.000000,1.000000,1.000000,1.000000,1.000000,1.000000',b'Port,3,0.000000,0.000000,0.000000,0.000000,0.000000,0.000000,0.000000,0.000000,0.000000,0.000000,0.000000,0.000000',b'Port,4,178.633300,-1.697100,81.191500,1.853700,35.637800,-0.736900,189.038800,2.982300,47.151200,-1.025300,65.508800,-1.816400'
1686750236.9040916 ,b'Port,1,123.160300,-1.038900,566.590100,-0.320500,87.239300,1.507600,116.849100,1.128300,77.644000,-4.300500,26.893300,2.507800',b'Port,2,1.000000,1.000000,1.000000,1.000000,1.000000,1.000000,1.000000,1.000000,1.000000,1.000000,1.000000,1.000000',b'Port,3,0.000000,0.000000,0.000000,0.000000,0.000000,0.000000,0.000000,0.000000,0.000000,0.000000,0.000000,0.000000',b'Port,4,181.584800,-1.745800,81.326500,1.877400,35.231500,-0.721400,218.828900,-3.166900,45.690600,-1.004900,64.569300,-1.796300'
1686750237.1147792 ,b'Port,1,113.366600,-0.989900,498.467700,-0.236700,90.003000,1.635500,105.322700,1.160700,79.406700,-4.262100,26.448200,2.492500',b'Port,2,1.000000,1.000000,1.000000,1.000000,1.000000,1.000000,1.000000,1.000000,1.000000,1.000000,1.000000,1.000000',b'Port,3,0.000000,0.000000,0.000000,0.000000,0.000000,0.000000,0.000000,0.000000,0.000000,0.000000,0.000000,0.000000',b'Port,4,188.775000,-1.697100,81.449300,1.894000,35.505100,-0.742500,251.315600,-3.043500,45.601100,-1.006200,64.982700,-1.823900'
1686750237.325554 ,b'Port,1,123.043100,-1.030700,364.327200,-0.040500,91.276600,1.651000,93.279800,1.151700,81.494900,-4.293900,26.315400,2.508300',b'Port,2,1.000000,1.000000,1.000000,1.000000,1.000000,1.000000,1.000000,1.000000,1.000000,1.000000,1.000000,1.000000',b'Port,3,0.000000,0.000000,0.000000,0.000000,0.000000,0.000000,0.000000,0.000000,0.000000,0.000000,0.000000,0.000000',b'Port,4,184.168300,-1.700600,81.504500,1.857200,35.756600,-0.728500,250.061200,-2.933200,45.899300,-1.007600,65.379400,-1.801400'
1686750237.5362985 ,b'Port,1,108.765900,-0.931200,534.819200,-0.143800,99.079100,1.632200,86.076600,1.200600,48.087800,-3.803000,27.115200,2.514400',b'Port,2,1.000000,1.000000,1.000000,1.000000,1.000000,1.000000,1.000000,1.000000,1.000000,1.000000,1.000000,1.000000',b'Port,3,0.000000,0.000000,0.000000,0.000000,0.000000,0.000000,0.000000,0.000000,0.000000,0.000000,0.000000,0.000000',b'Port,4,172.441800,-1.692200,76.233400,1.892600,35.951900,-0.747000,249.602400,-2.974200,45.270600,-0.995900,65.863800,-1.809100'
1686750237.7469382 ,b'Port,1,111.011900,-0.966700,334.467800,-0.016500,97.534100,1.641700,46.990800,1.164800,85.620300,-4.314200,26.096800,2.521500',b'Port,2,1.000000,1.000000,1.000000,1.000000,1.000000,1.000000,1.000000,1.000000,1.000000,1.000000,1.000000,1.000000',b'Port,3,0.000000,0.000000,0.000000,0.000000,0.000000,0.000000,0.000000,0.000000,0.000000,0.000000,0.000000,0.000000',b'Port,4,192.509200,-1.568200,80.799000,1.895600,35.583600,-0.722800,232.837400,-3.128300,45.470800,-1.005400,64.581100,-1.845300'
1686750237.9576328 ,b'Port,1,117.854300,-1.056800,567.691500,-0.277900,94.073400,1.567700,94.010900,1.205800,82.838100,-4.271900,25.985200,2.500600',b'Port,2,1.000000,1.000000,1.000000,1.000000,1.000000,1.000000,1.000000,1.000000,1.000000,1.000000,1.000000,1.000000',b'Port,3,0.000000,0.000000,0.000000,0.000000,0.000000,0.000000,0.000000,0.000000,0.000000,0.000000,0.000000,0.000000',b'Port,4,185.165800,-1.722700,79.043400,1.885100,35.530000,-0.735500,216.385500,-3.179100,45.926800,-1.009100,65.051800,-1.881800'
1686750238.168316 ,b'Port,1,123.036100,-1.045600,389.265500,0.051600,86.869800,1.569300,97.035700,1.233700,44.709600,-3.797900,26.448400,2.507300',b'Port,2,1.000000,1.000000,1.000000,1.000000,1.000000,1.000000,1.000000,1.000000,1.000000,1.000000,1.000000,1.000000',b'Port,3,0.000000,0.000000,0.000000,0.000000,0.000000,0.000000,0.000000,0.000000,0.000000,0.000000,0.000000,0.000000',b'Port,4,186.874100,-1.661600,78.364900,1.883900,34.584600,-0.732500,216.009200,2.985000,47.004300,-1.020900,64.391600,-1.814800'
1686750238.379025 ,b'Port,1,122.295500,-1.000500,591.904400,-0.228600,86.348600,1.459900,111.648200,1.114200,45.934500,-3.769700,26.431000,2.493100',b'Port,2,1.000000,1.000000,1.000000,1.000000,1.000000,1.000000,1.000000,1.000000,1.000000,1.000000,1.000000,1.000000',b'Port,3,0.000000,0.000000,0.000000,0.000000,0.000000,0.000000,0.000000,0.000000,0.000000,0.000000,0.000000,0.000000',b'Port,4,179.807000,-1.563400,83.346000,1.838900,34.636300,-0.732400,211.616300,-3.218600,47.895800,-1.045400,64.517300,-1.793900'
1686750238.5958157 ,b'Port,1,130.233500,-1.105000,403.605500,0.045300,81.962500,1.527100,118.558100,1.147200,83.437400,-4.307100,26.389800,2.517500',b'Port,2,1.000000,1.000000,1.000000,1.000000,1.000000,1.000000,1.000000,1.000000,1.000000,1.000000,1.000000,1.000000',b'Port,3,0.000000,0.000000,0.000000,0.000000,0.000000,0.000000,0.000000,0.000000,0.000000,0.000000,0.000000,0.000000',b'Port,4,204.113000,-1.604600,82.159700,1.861500,35.351100,-0.725900,206.258300,2.970400,48.192000,-1.044900,64.299100,-1.825000'
1686750238.806414 ,b'Port,1,117.522800,-0.961600,500.255000,-0.020200,83.383600,1.481300,123.854600,1.174300,84.248000,-4.261500,26.617800,2.519900',b'Port,2,1.000000,1.000000,1.000000,1.000000,1.000000,1.000000,1.000000,1.000000,1.000000,1.000000,1.000000,1.000000',b'Port,3,0.000000,0.000000,0.000000,0.000000,0.000000,0.000000,0.000000,0.000000,0.000000,0.000000,0.000000,0.000000',b'Port,4,180.010500,-1.635800,80.772400,1.863100,34.618800,-0.736500,218.901500,-3.231800,47.911700,-1.043700,65.853200,-1.798300'
1686750239.0171158 ,b'Port,1,117.341700,-0.962300,301.419500,-0.067500,82.750200,1.543200,129.098900,1.133100,48.128600,-3.783600,26.740200,2.528600',b'Port,2,1.000000,1.000000,1.000000,1.000000,1.000000,1.000000,1.000000,1.000000,1.000000,1.000000,1.000000,1.000000',b'Port,3,0.000000,0.000000,0.000000,0.000000,0.000000,0.000000,0.000000,0.000000,0.000000,0.000000,0.000000,0.000000',b'Port,4,179.520800,-1.619600,79.485800,1.856400,35.502400,-0.738900,230.126800,-3.232700,48.689300,-1.031200,64.351900,-1.805400'
1686750239.2277873 ,b'Port,1,147.499100,-0.977100,377.983100,-0.216100,82.073200,1.485800,112.017100,1.136400,79.612800,-4.295800,26.071100,2.509000',b'Port,2,1.000000,1.000000,1.000000,1.000000,1.000000,1.000000,1.000000,1.000000,1.000000,1.000000,1.000000,1.000000',b'Port,3,0.000000,0.000000,0.000000,0.000000,0.000000,0.000000,0.000000,0.000000,0.000000,0.000000,0.000000,0.000000',b'Port,4,191.719400,-1.689100,80.755500,1.833700,35.518600,-0.719300,221.166200,-3.221500,50.093700,-1.087400,63.561200,-1.816100'
1686750239.4385602 ,b'Port,1,137.535700,-0.985200,388.157500,-0.167700,84.058800,1.467300,117.380900,1.138000,82.254800,-4.296200,26.173300,2.517500',b'Port,2,1.000000,1.000000,1.000000,1.000000,1.000000,1.000000,1.000000,1.000000,1.000000,1.000000,1.000000,1.000000',b'Port,3,0.000000,0.000000,0.000000,0.000000,0.000000,0.000000,0.000000,0.000000,0.000000,0.000000,0.000000,0.000000',b'Port,4,184.234300,-1.730000,74.720100,1.863300,34.968900,-0.734200,223.255300,-3.180500,48.636700,-1.054200,65.100100,-1.802900'
1686750239.6492014 ,b'Port,1,129.260000,-0.912400,306.720700,-0.024500,83.158900,1.443700,117.099600,1.140500,85.611900,-4.313100,26.480700,2.516500',b'Port,2,1.000000,1.000000,1.000000,1.000000,1.000000,1.000000,1.000000,1.000000,1.000000,1.000000,1.000000,1.000000',b'Port,3,0.000000,0.000000,0.000000,0.000000,0.000000,0.000000,0.000000,0.000000,0.000000,0.000000,0.000000,0.000000',b'Port,4,186.020100,-1.662900,82.976400,1.828900,35.234400,-0.728700,225.228800,3.016500,49.323800,-1.024000,64.431700,-1.799600'
1686750239.8598502 ,b'Port,1,113.723800,-0.895000,441.933500,-0.259100,85.503100,1.477500,121.448400,1.118400,78.821200,-4.300400,26.418300,2.513300',b'Port,2,1.000000,1.000000,1.000000,1.000000,1.000000,1.000000,1.000000,1.000000,1.000000,1.000000,1.000000,1.000000',b'Port,3,0.000000,0.000000,0.000000,0.000000,0.000000,0.000000,0.000000,0.000000,0.000000,0.000000,0.000000,0.000000',b'Port,4,192.354000,-1.537600,80.517600,1.872900,35.103900,-0.731100,227.560600,-3.113300,48.544500,-1.060400,64.802800,-1.775200'
1686750240.0705843 ,b'Port,1,120.623500,-0.915800,374.457900,-0.062300,89.110800,1.510100,118.887800,1.056400,86.689100,-4.283500,25.926800,2.519200',b'Port,2,1.000000,1.000000,1.000000,1.000000,1.000000,1.000000,1.000000,1.000000,1.000000,1.000000,1.000000,1.000000',b'Port,3,0.000000,0.000000,0.000000,0.000000,0.000000,0.000000,0.000000,0.000000,0.000000,0.000000,0.000000,0.000000',b'Port,4,179.404200,-1.541900,76.963200,1.879100,35.750100,-0.729500,256.010300,-3.081600,48.573800,-1.031600,65.269200,-1.834000'
1686750240.281264 ,b'Port,1,116.426500,-0.972300,507.007100,-0.308200,87.720800,1.555100,110.010100,1.108600,78.107400,-4.253800,26.719000,2.502100',b'Port,2,1.000000,1.000000,1.000000,1.000000,1.000000,1.000000,1.000000,1.000000,1.000000,1.000000,1.000000,1.000000',b'Port,3,0.000000,0.000000,0.000000,0.000000,0.000000,0.000000,0.000000,0.000000,0.000000,0.000000,0.000000,0.000000',b'Port,4,187.291100,-1.825700,78.142100,1.857000,35.368900,-0.734100,277.246900,-2.809500,47.513700,-1.037300,64.853900,-1.811800'
1686750240.4919524 ,b'Port,1,117.352200,-0.906600,331.943000,-0.194900,89.359500,1.565700,90.578500,1.200000,80.545800,-4.283100,26.825700,2.496700',b'Port,2,1.000000,1.000000,1.000000,1.000000,1.000000,1.000000,1.000000,1.000000,1.000000,1.000000,1.000000,1.000000',b'Port,3,0.000000,0.000000,0.000000,0.000000,0.000000,0.000000,0.000000,0.000000,0.000000,0.000000,0.000000,0.000000',b'Port,4,193.657000,-1.533100,81.594200,1.851200,36.274600,-0.754300,244.672100,-2.961000,47.282200,-1.019700,64.182400,-1.838400'
1686750240.702654 ,b'Port,1,129.816400,-1.117800,408.839800,0.071500,96.743100,1.602900,86.803900,1.210400,86.758800,-4.333700,26.130400,2.502700',b'Port,2,1.000000,1.000000,1.000000,1.000000,1.000000,1.000000,1.000000,1.000000,1.000000,1.000000,1.000000,1.000000',b'Port,3,0.000000,0.000000,0.000000,0.000000,0.000000,0.000000,0.000000,0.000000,0.000000,0.000000,0.000000,0.000000',b'Port,4,189.610500,-1.614900,81.331400,1.897400,34.990000,-0.747700,291.352900,-2.849700,46.497400,-1.012300,64.116900,-1.857000'
1686750240.9133523 ,b'Port,1,133.154500,-1.212700,412.013800,-0.087800,96.198500,1.609100,84.333800,1.148200,88.678500,-4.288800,26.567000,2.525800',b'Port,2,1.000000,1.000000,1.000000,1.000000,1.000000,1.000000,1.000000,1.000000,1.000000,1.000000,1.000000,1.000000',b'Port,3,0.000000,0.000000,0.000000,0.000000,0.000000,0.000000,0.000000,0.000000,0.000000,0.000000,0.000000,0.000000',b'Port,4,176.453400,-1.587000,81.040100,1.890400,34.830800,-0.724300,258.825500,-2.828100,45.509600,-1.011100,64.132600,-1.870100'
1686750241.1240351 ,b'Port,1,121.081600,-1.083300,434.945400,-0.143800,94.653200,1.554300,89.778300,1.210300,84.961500,-4.313200,27.530400,2.504900',b'Port,2,1.000000,1.000000,1.000000,1.000000,1.000000,1.000000,1.000000,1.000000,1.000000,1.000000,1.000000,1.000000',b'Port,3,0.000000,0.000000,0.000000,0.000000,0.000000,0.000000,0.000000,0.000000,0.000000,0.000000,0.000000,0.000000',b'Port,4,173.867400,-1.643500,84.335800,1.862100,36.139300,-0.741100,280.952400,-2.978600,46.668100,-1.046000,63.161200,-1.854100'
1686750241.3347387 ,b'Port,1,129.082100,-1.060800,439.952700,-0.232300,89.572100,1.501800,107.615700,1.179900,81.854700,-4.292500,26.355800,2.497100',b'Port,2,1.000000,1.000000,1.000000,1.000000,1.000000,1.000000,1.000000,1.000000,1.000000,1.000000,1.000000,1.000000',b'Port,3,0.000000,0.000000,0.000000,0.000000,0.000000,0.000000,0.000000,0.000000,0.000000,0.000000,0.000000,0.000000',b'Port,4,195.514000,-1.649000,79.827400,1.861200,35.547300,-0.734300,264.332200,-3.160500,45.840600,-1.419800,66.236000,-1.778100'
1686750241.545433 ,b'Port,1,141.757700,-0.954300,542.892700,-0.071200,85.292300,1.423000,121.558100,1.070400,84.526900,-4.292400,26.738600,2.494700',b'Port,2,1.000000,1.000000,1.000000,1.000000,1.000000,1.000000,1.000000,1.000000,1.000000,1.000000,1.000000,1.000000',b'Port,3,0.000000,0.000000,0.000000,0.000000,0.000000,0.000000,0.000000,0.000000,0.000000,0.000000,0.000000,0.000000',b'Port,4,191.956000,-1.803500,78.608000,1.863000,35.681200,-0.746500,232.558200,-3.193000,48.015000,-1.039300,64.024600,-1.849200'
1686750241.7561219 ,b'Port,1,123.025700,-1.063700,284.102800,-0.016600,85.773900,1.431100,122.866500,1.165000,89.103300,-4.289600,25.710500,2.518000',b'Port,2,1.000000,1.000000,1.000000,1.000000,1.000000,1.000000,1.000000,1.000000,1.000000,1.000000,1.000000,1.000000',b'Port,3,0.000000,0.000000,0.000000,0.000000,0.000000,0.000000,0.000000,0.000000,0.000000,0.000000,0.000000,0.000000',b'Port,4,194.282200,-1.555100,77.907900,1.887000,35.213500,-0.732900,239.734500,-3.229600,48.135900,-1.051500,62.986900,-1.831000'
1686750241.966819 ,b'Port,1,116.119400,-0.993300,362.735500,-0.131700,84.690700,1.432200,126.968000,1.110600,80.624100,-4.304700,26.689800,2.511500',b'Port,2,1.000000,1.000000,1.000000,1.000000,1.000000,1.000000,1.000000,1.000000,1.000000,1.000000,1.000000,1.000000',b'Port,3,0.000000,0.000000,0.000000,0.000000,0.000000,0.000000,0.000000,0.000000,0.000000,0.000000,0.000000,0.000000',b'Port,4,188.798600,-1.737600,78.630700,1.873000,35.557900,-0.725200,258.821000,-3.104200,48.259000,-1.067400,64.679100,-1.825200'
1686750242.1775262 ,b'Port,1,124.137200,-1.029300,525.716400,-0.231900,81.827200,1.419100,122.493100,1.143500,88.861300,-4.325600,26.491000,2.523800',b'Port,2,1.000000,1.000000,1.000000,1.000000,1.000000,1.000000,1.000000,1.000000,1.000000,1.000000,1.000000,1.000000',b'Port,3,0.000000,0.000000,0.000000,0.000000,0.000000,0.000000,0.000000,0.000000,0.000000,0.000000,0.000000,0.000000',b'Port,4,192.649200,-1.767200,80.359900,1.841900,36.089400,-0.732300,242.390700,-3.182200,48.466800,-1.047700,65.260200,-1.827200'
1686750242.3882213 ,b'Port,1,133.046800,-0.933200,348.135800,-0.184500,80.762500,1.348300,125.539700,1.109200,87.175700,-4.310800,26.514700,2.523200',b'Port,2,1.000000,1.000000,1.000000,1.000000,1.000000,1.000000,1.000000,1.000000,1.000000,1.000000,1.000000,1.000000',b'Port,3,0.000000,0.000000,0.000000,0.000000,0.000000,0.000000,0.000000,0.000000,0.000000,0.000000,0.000000,0.000000',b'Port,4,178.872600,-1.664500,77.459500,1.870500,35.936400,-0.741100,216.467800,-3.223700,46.846300,-1.491400,65.079000,-1.789100'
1686750242.5989208 ,b'Port,1,136.986300,-0.959600,362.101500,-0.173800,84.336300,1.487900,117.084700,1.147900,81.545000,-4.314300,26.562400,2.511400',b'Port,2,1.000000,1.000000,1.000000,1.000000,1.000000,1.000000,1.000000,1.000000,1.000000,1.000000,1.000000,1.000000',b'Port,3,0.000000,0.000000,0.000000,0.000000,0.000000,0.000000,0.000000,0.000000,0.000000,0.000000,0.000000,0.000000',b'Port,4,192.378000,-1.723200,77.009000,1.869200,35.817800,-0.737300,214.792600,-3.184000,47.129900,-1.452800,64.234100,-1.797500'
1686750242.8096232 ,b'Port,1,142.267500,-1.047600,391.369600,0.043300,81.109500,1.460900,116.012700,1.151000,85.178200,-4.302600,26.664600,2.527800',b'Port,2,1.000000,1.000000,1.000000,1.000000,1.000000,1.000000,1.000000,1.000000,1.000000,1.000000,1.000000,1.000000',b'Port,3,0.000000,0.000000,0.000000,0.000000,0.000000,0.000000,0.000000,0.000000,0.000000,0.000000,0.000000,0.000000',b'Port,4,198.941100,-1.608400,79.691000,1.857900,35.555500,-0.729100,230.184600,-3.164700,47.460100,-1.038500,64.138500,-1.800900'
1686750243.0203564 ,b'Port,1,127.214700,-1.050800,533.455800,-0.236200,86.890900,1.505300,120.037900,1.112700,80.329500,-4.302100,26.497800,2.503200',b'Port,2,1.000000,1.000000,1.000000,1.000000,1.000000,1.000000,1.000000,1.000000,1.000000,1.000000,1.000000,1.000000',b'Port,3,0.000000,0.000000,0.000000,0.000000,0.000000,0.000000,0.000000,0.000000,0.000000,0.000000,0.000000,0.000000',b'Port,4,178.444600,-1.626000,75.762800,1.876200,36.229200,-0.736100,247.094100,-2.969300,48.252700,-1.035900,63.812100,-1.850500'
1686750243.2310097 ,b'Port,1,131.498700,-1.027000,449.411100,-0.166200,88.921900,1.521700,101.315300,1.172500,83.746100,-4.285500,27.111000,2.503300',b'Port,2,1.000000,1.000000,1.000000,1.000000,1.000000,1.000000,1.000000,1.000000,1.000000,1.000000,1.000000,1.000000',b'Port,3,0.000000,0.000000,0.000000,0.000000,0.000000,0.000000,0.000000,0.000000,0.000000,0.000000,0.000000,0.000000',b'Port,4,186.985800,-1.573900,77.331600,1.917600,35.742600,-0.740600,291.507100,-2.684200,46.353500,-1.005400,63.889900,-1.817500'
1686750243.441701 ,b'Port,1,126.420700,-0.965300,510.342900,0.076700,91.773900,1.602800,92.557700,1.207200,79.662900,-4.297700,27.139200,2.499900',b'Port,2,1.000000,1.000000,1.000000,1.000000,1.000000,1.000000,1.000000,1.000000,1.000000,1.000000,1.000000,1.000000',b'Port,3,0.000000,0.000000,0.000000,0.000000,0.000000,0.000000,0.000000,0.000000,0.000000,0.000000,0.000000,0.000000',b'Port,4,188.425500,-1.506900,80.373000,1.863000,36.771600,-0.750600,259.002500,-2.784000,45.839000,-0.996400,66.062600,-1.806600'
1686750243.6523938 ,b'Port,1,104.864100,-0.931300,400.704200,-0.081900,91.404400,1.563900,94.416200,1.232800,84.126700,-4.338400,27.616100,2.515400',b'Port,2,1.000000,1.000000,1.000000,1.000000,1.000000,1.000000,1.000000,1.000000,1.000000,1.000000,1.000000,1.000000',b'Port,3,0.000000,0.000000,0.000000,0.000000,0.000000,0.000000,0.000000,0.000000,0.000000,0.000000,0.000000,0.000000',b'Port,4,191.540100,-1.626200,79.279200,1.875500,34.985900,-0.733000,288.254600,-2.805900,45.728300,-1.426800,63.898800,-1.826400'
1686750243.8630903 ,b'Port,1,119.273200,-0.911600,444.503700,-0.093900,92.841200,1.560500,88.601700,1.220400,86.702400,-4.306100,27.056600,2.508200',b'Port,2,1.000000,1.000000,1.000000,1.000000,1.000000,1.000000,1.000000,1.000000,1.000000,1.000000,1.000000,1.000000',b'Port,3,0.000000,0.000000,0.000000,0.000000,0.000000,0.000000,0.000000,0.000000,0.000000,0.000000,0.000000,0.000000',b'Port,4,190.565500,-1.626900,80.254100,1.879300,35.078000,-0.743300,256.305100,-2.927300,45.568100,-1.007600,63.572300,-1.863900'
1686750244.0737884 ,b'Port,1,123.473800,-0.954000,607.934800,-0.352100,86.617300,1.565600,104.065000,1.170100,88.224100,-4.300200,27.451000,2.513600',b'Port,2,1.000000,1.000000,1.000000,1.000000,1.000000,1.000000,1.000000,1.000000,1.000000,1.000000,1.000000,1.000000',b'Port,3,0.000000,0.000000,0.000000,0.000000,0.000000,0.000000,0.000000,0.000000,0.000000,0.000000,0.000000,0.000000',b'Port,4,193.647900,-1.658100,78.028700,1.879700,36.042400,-0.740200,238.774200,-3.152700,45.839500,-1.455400,63.492400,-1.873500'
1686750244.2844973 ,b'Port,1,122.519300,-0.829400,384.487800,-0.171700,82.778400,1.480700,113.705200,1.108700,84.578200,-4.294800,26.684100,2.512400',b'Port,2,1.000000,1.000000,1.000000,1.000000,1.000000,1.000000,1.000000,1.000000,1.000000,1.000000,1.000000,1.000000',b'Port,3,0.000000,0.000000,0.000000,0.000000,0.000000,0.000000,0.000000,0.000000,0.000000,0.000000,0.000000,0.000000',b'Port,4,175.158100,-1.430100,75.910400,1.864200,34.159100,-0.736800,220.671900,-3.178100,44.882900,-0.986000,63.051100,-1.858900'
1686750244.4982162 ,b'Port,1,139.393000,-1.020200,237.533700,-0.169900,83.886100,1.389000,109.136400,1.186700,83.723300,-4.287100,26.232200,2.506100',b'Port,2,1.000000,1.000000,1.000000,1.000000,1.000000,1.000000,1.000000,1.000000,1.000000,1.000000,1.000000,1.000000',b'Port,3,0.000000,0.000000,0.000000,0.000000,0.000000,0.000000,0.000000,0.000000,0.000000,0.000000,0.000000,0.000000',b'Port,4,168.657400,-1.469300,81.002400,1.847700,33.560900,-0.745900,199.104600,-3.224500,38.207300,-0.948300,62.685200,-1.985500'
1686750244.7088683 ,b'Port,1,149.163300,-0.991700,133.408300,-0.031000,81.898800,1.423700,133.799800,1.250700,73.575100,-4.341000,25.179400,2.518500',b'Port,2,1.000000,1.000000,1.000000,1.000000,1.000000,1.000000,1.000000,1.000000,1.000000,1.000000,1.000000,1.000000',b'Port,3,0.000000,0.000000,0.000000,0.000000,0.000000,0.000000,0.000000,0.000000,0.000000,0.000000,0.000000,0.000000',b'Port,4,152.182900,-1.385300,84.033500,1.849000,29.217900,-0.681500,109.361300,2.631200,29.930300,-1.051500,37.482700,-2.555500'
1686750244.9195678 ,b'Port,1,140.144800,-0.731000,84.872800,-0.189800,98.198200,1.800400,99.677500,1.332600,62.487000,-4.324500,22.406400,2.494700',b'Port,2,1.000000,1.000000,1.000000,1.000000,1.000000,1.000000,1.000000,1.000000,1.000000,1.000000,1.000000,1.000000',b'Port,3,0.000000,0.000000,0.000000,0.000000,0.000000,0.000000,0.000000,0.000000,0.000000,0.000000,0.000000,0.000000',b'Port,4,128.553400,-1.187800,87.359900,1.918800,28.286300,-0.639200,414.616900,-1.642500,16.927600,-0.900200,17.951500,3.302200'
1686750245.1302435 ,b'Port,1,95.051900,-0.353900,54.133100,-0.332700,54.591000,2.571800,69.241600,1.542500,69.575400,-4.355300,27.089800,2.495500',b'Port,2,1.000000,1.000000,1.000000,1.000000,1.000000,1.000000,1.000000,1.000000,1.000000,1.000000,1.000000,1.000000',b'Port,3,0.000000,0.000000,0.000000,0.000000,0.000000,0.000000,0.000000,0.000000,0.000000,0.000000,0.000000,0.000000',b'Port,4,120.108200,-1.130500,94.808700,2.090600,28.206800,-0.631000,104.326100,-1.125300,17.601900,-0.831500,22.652000,3.346600'
1686750245.3409657 ,b'Port,1,104.509400,-0.359400,49.286500,-0.344600,42.550600,2.594100,66.236500,1.681100,69.530600,-4.297500,24.527100,2.500700',b'Port,2,1.000000,1.000000,1.000000,1.000000,1.000000,1.000000,1.000000,1.000000,1.000000,1.000000,1.000000,1.000000',b'Port,3,0.000000,0.000000,0.000000,0.000000,0.000000,0.000000,0.000000,0.000000,0.000000,0.000000,0.000000,0.000000',b'Port,4,110.679700,-1.049100,86.109100,2.067500,27.589300,-0.629600,75.079400,-1.062100,16.801600,-0.836000,20.411700,3.313200'
1686750245.551655 ,b'Port,1,85.980000,-0.250000,46.281200,-0.349700,33.973000,2.731400,55.573900,1.641700,52.798700,-4.237600,22.445000,2.503000',b'Port,2,1.000000,1.000000,1.000000,1.000000,1.000000,1.000000,1.000000,1.000000,1.000000,1.000000,1.000000,1.000000',b'Port,3,0.000000,0.000000,0.000000,0.000000,0.000000,0.000000,0.000000,0.000000,0.000000,0.000000,0.000000,0.000000',b'Port,4,110.867300,-1.037300,99.267000,2.122200,26.470700,-0.599400,49.517600,-0.963700,17.017600,-0.867100,15.518700,3.259100'
1686750245.7623453 ,b'Port,1,95.959400,-0.268000,45.227000,-0.333200,32.101000,2.769900,51.608200,1.603700,47.867400,-4.219200,23.042800,2.501400',b'Port,2,1.000000,1.000000,1.000000,1.000000,1.000000,1.000000,1.000000,1.000000,1.000000,1.000000,1.000000,1.000000',b'Port,3,0.000000,0.000000,0.000000,0.000000,0.000000,0.000000,0.000000,0.000000,0.000000,0.000000,0.000000,0.000000',b'Port,4,109.143700,-1.110000,121.586600,2.212300,23.717400,-0.574500,31.180700,-0.922400,32.542900,-1.330100,14.276600,3.323300'
1686750245.973065 ,b'Port,1,83.877300,-0.200800,49.007800,-0.394300,33.882700,2.681400,46.957400,1.590200,57.699700,-4.315400,25.968000,2.478700',b'Port,2,1.000000,1.000000,1.000000,1.000000,1.000000,1.000000,1.000000,1.000000,1.000000,1.000000,1.000000,1.000000',b'Port,3,0.000000,0.000000,0.000000,0.000000,0.000000,0.000000,0.000000,0.000000,0.000000,0.000000,0.000000,0.000000',b'Port,4,106.202300,-1.040300,114.907100,-3.859100,24.479400,-0.562100,30.911700,-0.904600,35.764500,-1.492500,14.204500,3.341800'
1686750246.1837342 ,b'Port,1,103.776400,-0.297900,51.747100,-0.370800,33.473900,2.588700,47.351600,1.518300,46.117400,-3.858600,29.988400,2.445600',b'Port,2,1.000000,1.000000,1.000000,1.000000,1.000000,1.000000,1.000000,1.000000,1.000000,1.000000,1.000000,1.000000',b'Port,3,0.000000,0.000000,0.000000,0.000000,0.000000,0.000000,0.000000,0.000000,0.000000,0.000000,0.000000,0.000000',b'Port,4,112.306200,-1.145900,88.203200,2.299900,27.188500,-0.570600,61.822300,-0.967700,16.110000,-0.870800,15.498500,3.276600'
1686750246.3964283 ,b'Port,1,91.170000,-0.251300,53.670400,-0.422400,32.272200,2.648000,46.227900,1.571100,69.042100,-4.366200,29.111400,2.435300',b'Port,2,1.000000,1.000000,1.000000,1.000000,1.000000,1.000000,1.000000,1.000000,1.000000,1.000000,1.000000,1.000000',b'Port,3,0.000000,0.000000,0.000000,0.000000,0.000000,0.000000,0.000000,0.000000,0.000000,0.000000,0.000000,0.000000',b'Port,4,108.557100,-1.063200,110.575200,-3.727500,26.154100,-0.579400,46.884600,-0.924900,17.201000,-0.827500,16.899400,3.284500'
1686750246.6071734 ,b'Port,1,86.225100,-0.233700,52.068300,-0.427900,29.273000,2.691200,47.012100,1.601200,64.557500,-4.365500,30.667300,2.434000',b'Port,2,1.000000,1.000000,1.000000,1.000000,1.000000,1.000000,1.000000,1.000000,1.000000,1.000000,1.000000,1.000000',b'Port,3,0.000000,0.000000,0.000000,0.000000,0.000000,0.000000,0.000000,0.000000,0.000000,0.000000,0.000000,0.000000',b'Port,4,98.437500,-1.015600,127.352600,-3.458900,24.682200,-0.605100,28.954000,-0.859500,31.524900,-1.124400,15.720000,3.296000'
1686750246.817854 ,b'Port,1,97.887900,-0.289100,48.918500,-0.361700,29.936200,2.660400,46.111300,1.606400,64.712000,-4.333400,31.143500,2.425900',b'Port,2,1.000000,1.000000,1.000000,1.000000,1.000000,1.000000,1.000000,1.000000,1.000000,1.000000,1.000000,1.000000',b'Port,3,0.000000,0.000000,0.000000,0.000000,0.000000,0.000000,0.000000,0.000000,0.000000,0.000000,0.000000,0.000000',b'Port,4,101.404400,-0.950500,126.160500,-3.389900,24.280300,-0.604800,25.859100,-0.849200,37.588300,-1.175100,16.986200,3.293900'
1686750247.0285153 ,b'Port,1,93.291600,-0.271200,49.146100,-0.377300,30.115700,2.677000,45.438700,1.577500,66.283500,-4.330900,31.191200,2.420700',b'Port,2,1.000000,1.000000,1.000000,1.000000,1.000000,1.000000,1.000000,1.000000,1.000000,1.000000,1.000000,1.000000',b'Port,3,0.000000,0.000000,0.000000,0.000000,0.000000,0.000000,0.000000,0.000000,0.000000,0.000000,0.000000,0.000000',b'Port,4,101.540900,-1.051900,107.275800,-3.374600,26.512300,-0.561000,33.545200,-0.871800,20.979400,-0.811300,21.335800,3.291600'
1686750247.2392044 ,b'Port,1,88.140700,-0.226600,48.235000,-0.404200,31.941600,2.676900,45.849200,1.578700,42.656900,-3.845500,32.828700,2.406300',b'Port,2,1.000000,1.000000,1.000000,1.000000,1.000000,1.000000,1.000000,1.000000,1.000000,1.000000,1.000000,1.000000',b'Port,3,0.000000,0.000000,0.000000,0.000000,0.000000,0.000000,0.000000,0.000000,0.000000,0.000000,0.000000,0.000000',b'Port,4,107.048100,-1.094500,103.570300,-3.565000,29.968900,-0.478400,45.865000,-0.886800,17.345100,-0.744400,25.084700,3.348700'
1686750247.4519038 ,b'Port,1,95.852500,-0.274600,48.490300,-0.395600,30.038900,2.705700,45.538400,1.611100,71.268500,-4.335100,32.128000,2.414800',b'Port,2,1.000000,1.000000,1.000000,1.000000,1.000000,1.000000,1.000000,1.000000,1.000000,1.000000,1.000000,1.000000',b'Port,3,0.000000,0.000000,0.000000,0.000000,0.000000,0.000000,0.000000,0.000000,0.000000,0.000000,0.000000,0.000000',b'Port,4,102.504500,-1.065100,105.411400,-3.714400,26.369400,-0.577600,52.685600,-0.863300,16.541500,-0.740700,25.328600,3.352400'
1686750247.6625948 ,b'Port,1,89.308400,-0.256600,48.849700,-0.356100,29.526900,2.749300,48.147300,1.603600,67.612300,-4.375600,31.152000,2.420500',b'Port,2,1.000000,1.000000,1.000000,1.000000,1.000000,1.000000,1.000000,1.000000,1.000000,1.000000,1.000000,1.000000',b'Port,3,0.000000,0.000000,0.000000,0.000000,0.000000,0.000000,0.000000,0.000000,0.000000,0.000000,0.000000,0.000000',b'Port,4,104.472200,-1.064900,109.315500,-3.561500,24.957500,-0.555100,42.515000,-0.868100,18.808100,-0.805700,20.969700,3.313800'
1686750247.873285 ,b'Port,1,97.348400,-0.257200,45.828100,-0.331000,28.526900,2.741800,50.294000,1.635600,64.646300,-4.324800,30.717100,2.420100',b'Port,2,1.000000,1.000000,1.000000,1.000000,1.000000,1.000000,1.000000,1.000000,1.000000,1.000000,1.000000,1.000000',b'Port,3,0.000000,0.000000,0.000000,0.000000,0.000000,0.000000,0.000000,0.000000,0.000000,0.000000,0.000000,0.000000',b'Port,4,100.364300,-1.008400,110.535400,-3.170100,25.617600,-0.561600,33.536500,-0.842200,23.879800,-0.869200,20.363300,3.299400'
1686750248.0839934 ,b'Port,1,95.351300,-0.201700,45.624800,-0.331900,29.066700,2.746900,46.837500,1.616200,64.355300,-4.318500,32.001000,2.416300',b'Port,2,1.000000,1.000000,1.000000,1.000000,1.000000,1.000000,1.000000,1.000000,1.000000,1.000000,1.000000,1.000000',b'Port,3,0.000000,0.000000,0.000000,0.000000,0.000000,0.000000,0.000000,0.000000,0.000000,0.000000,0.000000,0.000000',b'Port,4,103.040800,-1.078200,106.082600,-3.287300,27.317600,-0.544300,41.176000,-0.838600,19.865800,-0.780700,24.473400,3.335900'
1686750248.29468 ,b'Port,1,96.799200,-0.257200,48.375300,-0.385200,30.478500,2.734100,43.543600,1.619300,42.908700,-3.849200,31.726200,2.420100',b'Port,2,1.000000,1.000000,1.000000,1.000000,1.000000,1.000000,1.000000,1.000000,1.000000,1.000000,1.000000,1.000000',b'Port,3,0.000000,0.000000,0.000000,0.000000,0.000000,0.000000,0.000000,0.000000,0.000000,0.000000,0.000000,0.000000',b'Port,4,104.285600,-1.121400,100.513200,-3.644300,29.295400,-0.508100,66.067300,-0.822400,16.796000,-0.711300,32.358500,3.428700'
1686750248.5053644 ,b'Port,1,99.334700,-0.233000,47.042200,-0.370900,31.303200,2.710200,44.721700,1.601900,43.949300,-3.817000,31.173600,2.396500',b'Port,2,1.000000,1.000000,1.000000,1.000000,1.000000,1.000000,1.000000,1.000000,1.000000,1.000000,1.000000,1.000000',b'Port,3,0.000000,0.000000,0.000000,0.000000,0.000000,0.000000,0.000000,0.000000,0.000000,0.000000,0.000000,0.000000',b'Port,4,110.834800,-1.153400,91.658800,-3.848500,26.493800,-0.618200,84.172400,-0.816100,16.735400,-0.718100,37.426700,3.518400'
1686750248.7160501 ,b'Port,1,96.038800,-0.218000,44.705400,-0.322400,29.538700,2.749400,46.172800,1.621500,65.314900,-4.319300,32.402100,2.422300',b'Port,2,1.000000,1.000000,1.000000,1.000000,1.000000,1.000000,1.000000,1.000000,1.000000,1.000000,1.000000,1.000000',b'Port,3,0.000000,0.000000,0.000000,0.000000,0.000000,0.000000,0.000000,0.000000,0.000000,0.000000,0.000000,0.000000',b'Port,4,99.980900,-0.975600,109.751600,-3.551000,26.038600,-0.569900,44.527400,-0.826800,18.474200,-0.785600,26.580300,3.395800'
1686750248.9267578 ,b'Port,1,90.576500,-0.237400,48.307700,-0.402700,28.315000,2.752700,48.626400,1.625400,64.475000,-4.310900,32.858600,2.412500',b'Port,2,1.000000,1.000000,1.000000,1.000000,1.000000,1.000000,1.000000,1.000000,1.000000,1.000000,1.000000,1.000000',b'Port,3,0.000000,0.000000,0.000000,0.000000,0.000000,0.000000,0.000000,0.000000,0.000000,0.000000,0.000000,0.000000',b'Port,4,99.084400,-1.019900,113.506600,-3.383600,26.232800,-0.566200,38.683300,-0.827900,20.796900,-0.802000,24.475500,3.361400'
1686750249.1374366 ,b'Port,1,89.485700,-0.224600,46.870200,-0.348800,29.076500,2.748200,45.549000,1.614500,66.587900,-4.292300,31.663200,2.416000',b'Port,2,1.000000,1.000000,1.000000,1.000000,1.000000,1.000000,1.000000,1.000000,1.000000,1.000000,1.000000,1.000000',b'Port,3,0.000000,0.000000,0.000000,0.000000,0.000000,0.000000,0.000000,0.000000,0.000000,0.000000,0.000000,0.000000',b'Port,4,104.965000,-1.150500,101.095900,-3.552700,27.092500,-0.553600,46.375100,-0.831100,18.783400,-0.749500,29.854200,3.417500'
1686750249.3481536 ,b'Port,1,103.903100,-0.289600,48.200400,-0.369400,30.712700,2.742800,41.749200,1.595800,42.258600,-3.826700,33.214700,2.419200',b'Port,2,1.000000,1.000000,1.000000,1.000000,1.000000,1.000000,1.000000,1.000000,1.000000,1.000000,1.000000,1.000000',b'Port,3,0.000000,0.000000,0.000000,0.000000,0.000000,0.000000,0.000000,0.000000,0.000000,0.000000,0.000000,0.000000',b'Port,4,110.180600,-1.126800,95.914400,-3.750600,26.165400,-0.602500,70.676100,-0.774200,17.943100,-0.715300,40.059700,3.545900'
1686750249.5588412 ,b'Port,1,101.724500,-0.255100,46.906900,-0.359100,30.994000,2.720400,44.387000,1.603500,70.216800,-4.287100,32.086600,2.408100',b'Port,2,1.000000,1.000000,1.000000,1.000000,1.000000,1.000000,1.000000,1.000000,1.000000,1.000000,1.000000,1.000000',b'Port,3,0.000000,0.000000,0.000000,0.000000,0.000000,0.000000,0.000000,0.000000,0.000000,0.000000,0.000000,0.000000',b'Port,4,110.464800,-1.184500,91.313200,-3.832200,27.318300,-0.663600,99.839800,-0.787900,18.696600,-0.875200,45.646800,3.652000'
1686750249.769546 ,b'Port,1,91.542100,-0.274900,48.417800,-0.382000,30.452000,2.741500,46.356700,1.589900,69.555900,-4.318000,32.736600,2.411400',b'Port,2,1.000000,1.000000,1.000000,1.000000,1.000000,1.000000,1.000000,1.000000,1.000000,1.000000,1.000000,1.000000',b'Port,3,0.000000,0.000000,0.000000,0.000000,0.000000,0.000000,0.000000,0.000000,0.000000,0.000000,0.000000,0.000000',b'Port,4,107.020000,-1.138700,104.923000,-3.644300,26.039500,-0.598600,51.961700,-0.813700,18.199100,-0.762100,29.600400,3.422000'
1686750249.9802577 ,b'Port,1,89.951300,-0.253000,45.683500,-0.322200,29.446800,2.749600,47.312800,1.622800,71.275100,-4.366300,32.836900,2.419000',b'Port,2,1.000000,1.000000,1.000000,1.000000,1.000000,1.000000,1.000000,1.000000,1.000000,1.000000,1.000000,1.000000',b'Port,3,0.000000,0.000000,0.000000,0.000000,0.000000,0.000000,0.000000,0.000000,0.000000,0.000000,0.000000,0.000000',b'Port,4,105.235500,-1.025300,105.011200,-3.381700,25.800800,-0.584600,37.524600,-0.829800,20.821000,-0.796000,25.077600,3.357600'
1686750250.1909227 ,b'Port,1,97.438200,-0.281000,48.470200,-0.334300,29.465900,2.729300,45.951900,1.646700,67.595200,-4.312000,33.000500,2.424600',b'Port,2,1.000000,1.000000,1.000000,1.000000,1.000000,1.000000,1.000000,1.000000,1.000000,1.000000,1.000000,1.000000',b'Port,3,0.000000,0.000000,0.000000,0.000000,0.000000,0.000000,0.000000,0.000000,0.000000,0.000000,0.000000,0.000000',b'Port,4,112.017400,-1.204500,95.404300,-3.772000,26.315400,-0.615000,69.944800,-0.787300,19.383400,-0.720500,47.268200,-2.604900'
1686750250.401619 ,b'Port,1,87.177700,-0.308900,44.541500,-0.338600,31.273100,2.722500,44.832600,1.594100,73.165000,-4.320200,32.942800,2.425800',b'Port,2,1.000000,1.000000,1.000000,1.000000,1.000000,1.000000,1.000000,1.000000,1.000000,1.000000,1.000000,1.000000',b'Port,3,0.000000,0.000000,0.000000,0.000000,0.000000,0.000000,0.000000,0.000000,0.000000,0.000000,0.000000,0.000000',b'Port,4,108.062300,-1.112600,87.611900,2.299800,26.924400,-0.702400,86.409700,-0.810100,20.256100,-0.875400,56.663200,-2.478500'
1686750250.612325 ,b'Port,1,100.292400,-0.274000,46.483900,-0.338800,32.740700,2.710500,44.377100,1.585100,72.000400,-4.318600,32.240700,2.419800',b'Port,2,1.000000,1.000000,1.000000,1.000000,1.000000,1.000000,1.000000,1.000000,1.000000,1.000000,1.000000,1.000000',b'Port,3,0.000000,0.000000,0.000000,0.000000,0.000000,0.000000,0.000000,0.000000,0.000000,0.000000,0.000000,0.000000',b'Port,4,111.178200,-1.190800,96.020300,-3.822300,26.806900,-0.643800,59.905400,-0.800500,18.493900,-0.720500,43.759000,3.624900'
1686750250.823011 ,b'Port,1,103.639600,-0.240800,47.996400,-0.351900,29.625900,2.752900,45.290600,1.614500,42.866300,-3.828400,32.261400,2.397300',b'Port,2,1.000000,1.000000,1.000000,1.000000,1.000000,1.000000,1.000000,1.000000,1.000000,1.000000,1.000000,1.000000',b'Port,3,0.000000,0.000000,0.000000,0.000000,0.000000,0.000000,0.000000,0.000000,0.000000,0.000000,0.000000,0.000000',b'Port,4,104.481800,-1.027900,107.653200,-3.492600,26.285900,-0.606600,42.808600,-0.827500,19.733000,-0.747300,31.113500,3.415600'
1686750251.0336988 ,b'Port,1,100.838200,-0.274500,46.266100,-0.335100,30.650200,2.745000,45.123400,1.649600,42.441800,-3.843500,30.401300,2.421800',b'Port,2,1.000000,1.000000,1.000000,1.000000,1.000000,1.000000,1.000000,1.000000,1.000000,1.000000,1.000000,1.000000',b'Port,3,0.000000,0.000000,0.000000,0.000000,0.000000,0.000000,0.000000,0.000000,0.000000,0.000000,0.000000,0.000000',b'Port,4,104.815600,-1.109500,106.087100,-3.510500,26.543000,-0.596800,46.037900,-0.803800,19.866100,-0.739500,37.582900,3.497800'
1686750251.2443917 ,b'Port,1,89.002600,-0.230100,46.749500,-0.318400,30.877400,2.728500,45.820600,1.582600,67.126900,-4.314700,30.412200,2.421400',b'Port,2,1.000000,1.000000,1.000000,1.000000,1.000000,1.000000,1.000000,1.000000,1.000000,1.000000,1.000000,1.000000',b'Port,3,0.000000,0.000000,0.000000,0.000000,0.000000,0.000000,0.000000,0.000000,0.000000,0.000000,0.000000,0.000000',b'Port,4,105.964500,-1.153200,96.452900,-3.737000,27.343200,-0.622900,59.521100,-0.774800,20.477100,-0.702800,53.263500,-2.518500'
1686750251.4570875 ,b'Port,1,99.738100,-0.234500,48.724200,-0.364000,32.953600,2.719900,44.100200,1.590400,43.884200,-3.814200,31.922400,2.424400',b'Port,2,1.000000,1.000000,1.000000,1.000000,1.000000,1.000000,1.000000,1.000000,1.000000,1.000000,1.000000,1.000000',b'Port,3,0.000000,0.000000,0.000000,0.000000,0.000000,0.000000,0.000000,0.000000,0.000000,0.000000,0.000000,0.000000',b'Port,4,109.656700,-1.152900,92.129700,2.331800,28.239300,-0.713800,68.846100,-0.764300,21.331000,-0.863900,60.621800,-2.443900'
1686750251.6677961 ,b'Port,1,84.948500,-0.205900,46.165300,-0.324200,32.780900,2.711700,43.273900,1.587900,74.915900,-4.284800,32.549100,2.421700',b'Port,2,1.000000,1.000000,1.000000,1.000000,1.000000,1.000000,1.000000,1.000000,1.000000,1.000000,1.000000,1.000000',b'Port,3,0.000000,0.000000,0.000000,0.000000,0.000000,0.000000,0.000000,0.000000,0.000000,0.000000,0.000000,0.000000',b'Port,4,116.667400,-1.177800,103.732700,-3.858100,27.541900,-0.684500,56.356400,-0.778200,20.719500,-0.888900,48.672800,3.661900'
1686750251.8784907 ,b'Port,1,84.636400,-0.206100,45.498700,-0.335600,30.057100,2.747200,46.509900,1.613100,69.798700,-4.298800,31.531700,2.425900',b'Port,2,1.000000,1.000000,1.000000,1.000000,1.000000,1.000000,1.000000,1.000000,1.000000,1.000000,1.000000,1.000000',b'Port,3,0.000000,0.000000,0.000000,0.000000,0.000000,0.000000,0.000000,0.000000,0.000000,0.000000,0.000000,0.000000',b'Port,4,105.288900,-1.028400,108.175300,-3.471100,25.839600,-0.614400,38.465800,-0.802400,20.447400,-0.765000,30.528800,3.400200'
1686750252.0892026 ,b'Port,1,91.544800,-0.271000,46.430000,-0.342600,30.209800,2.744900,51.744600,1.601500,66.568600,-4.290500,30.648600,2.421900',b'Port,2,1.000000,1.000000,1.000000,1.000000,1.000000,1.000000,1.000000,1.000000,1.000000,1.000000,1.000000,1.000000',b'Port,3,0.000000,0.000000,0.000000,0.000000,0.000000,0.000000,0.000000,0.000000,0.000000,0.000000,0.000000,0.000000',b'Port,4,107.807500,-1.064700,100.168100,-3.459900,26.842100,-0.595400,42.989000,-0.798200,20.580700,-0.745100,35.899300,3.476000'
1686750252.2998946 ,b'Port,1,84.562300,-0.194100,45.754700,-0.317400,32.530800,2.722100,44.498700,1.575300,69.267400,-4.290200,31.093300,2.399000',b'Port,2,1.000000,1.000000,1.000000,1.000000,1.000000,1.000000,1.000000,1.000000,1.000000,1.000000,1.000000,1.000000',b'Port,3,0.000000,0.000000,0.000000,0.000000,0.000000,0.000000,0.000000,0.000000,0.000000,0.000000,0.000000,0.000000',b'Port,4,110.255800,-1.125900,96.722300,-3.695400,27.209000,-0.626300,56.281700,-0.757000,20.886400,-0.719100,53.711100,-2.541400'
1686750252.5106237 ,b'Port,1,79.921800,-0.204300,47.831200,-0.359100,34.225900,2.688900,44.970200,1.598000,43.390300,-3.811400,31.182100,2.399000',b'Port,2,1.000000,1.000000,1.000000,1.000000,1.000000,1.000000,1.000000,1.000000,1.000000,1.000000,1.000000,1.000000',b'Port,3,0.000000,0.000000,0.000000,0.000000,0.000000,0.000000,0.000000,0.000000,0.000000,0.000000,0.000000,0.000000',b'Port,4,110.512900,-1.158200,96.995100,-3.855900,27.680900,-0.695400,63.870300,-0.750100,20.210100,-0.692100,57.867100,-2.465700'
1686750252.7212863 ,b'Port,1,93.204100,-0.218300,47.203300,-0.335700,34.707500,2.673100,43.061700,1.600600,76.129000,-4.284200,32.334600,2.404300',b'Port,2,1.000000,1.000000,1.000000,1.000000,1.000000,1.000000,1.000000,1.000000,1.000000,1.000000,1.000000,1.000000',b'Port,3,0.000000,0.000000,0.000000,0.000000,0.000000,0.000000,0.000000,0.000000,0.000000,0.000000,0.000000,0.000000',b'Port,4,106.893600,-1.162200,99.979100,-3.878000,26.777100,-0.694000,61.094000,-0.783300,20.958200,-0.885700,53.674600,-2.534600'
1686750252.9319804 ,b'Port,1,84.914900,-0.244900,46.323000,-0.323200,31.723100,2.727200,47.159300,1.596800,75.800000,-4.314200,32.649800,2.380300',b'Port,2,1.000000,1.000000,1.000000,1.000000,1.000000,1.000000,1.000000,1.000000,1.000000,1.000000,1.000000,1.000000',b'Port,3,0.000000,0.000000,0.000000,0.000000,0.000000,0.000000,0.000000,0.000000,0.000000,0.000000,0.000000,0.000000',b'Port,4,105.424000,-1.126300,106.790000,-3.656300,26.240800,-0.636800,47.237800,-0.810900,19.043600,-0.735200,35.038000,3.479000'
1686750253.1426647 ,b'Port,1,97.130700,-0.229000,46.878000,-0.336200,31.724900,2.712900,48.288700,1.637300,68.230400,-4.296700,31.792200,2.392000',b'Port,2,1.000000,1.000000,1.000000,1.000000,1.000000,1.000000,1.000000,1.000000,1.000000,1.000000,1.000000,1.000000',b'Port,3,0.000000,0.000000,0.000000,0.000000,0.000000,0.000000,0.000000,0.000000,0.000000,0.000000,0.000000,0.000000',b'Port,4,106.753700,-1.067000,103.846000,-3.491900,26.825200,-0.618900,47.735400,-0.809200,19.670800,-0.711500,37.817200,3.497000'
1686750253.3533623 ,b'Port,1,85.929100,-0.226900,47.430400,-0.349900,31.562200,2.732500,45.492300,1.600000,70.040400,-4.273200,32.145600,2.390900',b'Port,2,1.000000,1.000000,1.000000,1.000000,1.000000,1.000000,1.000000,1.000000,1.000000,1.000000,1.000000,1.000000',b'Port,3,0.000000,0.000000,0.000000,0.000000,0.000000,0.000000,0.000000,0.000000,0.000000,0.000000,0.000000,0.000000',b'Port,4,110.502300,-1.123900,96.929800,-3.740700,27.901900,-0.645200,60.846800,-0.803600,20.697500,-0.712300,56.469400,-2.490400'
1686750253.5640545 ,b'Port,1,89.307300,-0.257000,45.649400,-0.344900,33.770300,2.671100,45.547800,1.587000,82.269700,-4.293200,32.608000,2.407500',b'Port,2,1.000000,1.000000,1.000000,1.000000,1.000000,1.000000,1.000000,1.000000,1.000000,1.000000,1.000000,1.000000',b'Port,3,0.000000,0.000000,0.000000,0.000000,0.000000,0.000000,0.000000,0.000000,0.000000,0.000000,0.000000,0.000000',b'Port,4,112.257900,-1.225800,85.634200,2.343000,27.711800,-0.711300,66.074800,-0.743400,22.160500,-0.881000,63.420000,-2.352300'
1686750253.7747471 ,b'Port,1,82.247500,-0.237700,45.883200,-0.354500,31.552300,2.732300,42.786200,1.587500,75.400600,-4.315900,33.277200,2.410700',b'Port,2,1.000000,1.000000,1.000000,1.000000,1.000000,1.000000,1.000000,1.000000,1.000000,1.000000,1.000000,1.000000',b'Port,3,0.000000,0.000000,0.000000,0.000000,0.000000,0.000000,0.000000,0.000000,0.000000,0.000000,0.000000,0.000000',b'Port,4,112.694200,-1.202100,89.502300,2.277900,27.620400,-0.728000,58.198300,-0.751200,21.380400,-0.885500,59.821300,-2.398900'
1686750253.985439 ,b'Port,1,91.923900,-0.296300,45.686300,-0.327400,30.010400,2.744100,46.582200,1.626100,73.070200,-4.325400,32.127900,2.401600',b'Port,2,1.000000,1.000000,1.000000,1.000000,1.000000,1.000000,1.000000,1.000000,1.000000,1.000000,1.000000,1.000000',b'Port,3,0.000000,0.000000,0.000000,0.000000,0.000000,0.000000,0.000000,0.000000,0.000000,0.000000,0.000000,0.000000',b'Port,4,103.642400,-1.056500,101.205600,-3.566700,27.010600,-0.624000,46.974100,-0.753900,20.344100,-0.723100,44.469200,3.609600'
1686750254.1961393 ,b'Port,1,89.643300,-0.224600,47.160800,-0.346900,31.209800,2.741900,45.543100,1.591300,76.755200,-4.325500,31.779700,2.402200',b'Port,2,1.000000,1.000000,1.000000,1.000000,1.000000,1.000000,1.000000,1.000000,1.000000,1.000000,1.000000,1.000000',b'Port,3,0.000000,0.000000,0.000000,0.000000,0.000000,0.000000,0.000000,0.000000,0.000000,0.000000,0.000000,0.000000',b'Port,4,111.953900,-1.150900,100.911300,-3.635400,27.771800,-0.648900,50.178300,-0.752500,21.244100,-0.721000,53.668600,-2.513400'
1686750254.4068305 ,b'Port,1,85.034500,-0.213100,47.327700,-0.384400,32.672900,2.712600,43.072700,1.584500,74.932000,-4.276400,33.029600,2.386800',b'Port,2,1.000000,1.000000,1.000000,1.000000,1.000000,1.000000,1.000000,1.000000,1.000000,1.000000,1.000000,1.000000',b'Port,3,0.000000,0.000000,0.000000,0.000000,0.000000,0.000000,0.000000,0.000000,0.000000,0.000000,0.000000,0.000000',b'Port,4,114.675200,-1.209300,95.398300,2.376000,28.406100,-0.686000,54.943500,-0.731900,21.655500,-0.697800,60.060400,-2.361100'
1686750254.6175692 ,b'Port,1,89.623600,-0.188600,47.176500,-0.338400,35.234800,2.674900,46.742900,1.579400,80.699700,-4.300000,33.750200,2.386500',b'Port,2,1.000000,1.000000,1.000000,1.000000,1.000000,1.000000,1.000000,1.000000,1.000000,1.000000,1.000000,1.000000',b'Port,3,0.000000,0.000000,0.000000,0.000000,0.000000,0.000000,0.000000,0.000000,0.000000,0.000000,0.000000,0.000000',b'Port,4,110.852800,-1.162000,93.379000,2.380600,27.136300,-0.718300,54.014500,-0.731300,19.722500,-0.704500,54.676400,-2.504500'
1686750254.8282228 ,b'Port,1,83.010400,-0.236300,47.507000,-0.350200,35.050900,2.682400,46.444300,1.582800,84.562200,-4.316700,32.643400,2.380000',b'Port,2,1.000000,1.000000,1.000000,1.000000,1.000000,1.000000,1.000000,1.000000,1.000000,1.000000,1.000000,1.000000',b'Port,3,0.000000,0.000000,0.000000,0.000000,0.000000,0.000000,0.000000,0.000000,0.000000,0.000000,0.000000,0.000000',b'Port,4,107.344300,-1.064400,105.638500,-3.669500,26.548800,-0.645200,47.979300,-0.769500,19.762400,-0.736700,41.120400,3.575300'
1686750255.038913 ,b'Port,1,95.164700,-0.253700,46.001700,-0.361300,32.012100,2.719700,47.487600,1.604000,76.405900,-4.296600,32.308800,2.398000',b'Port,2,1.000000,1.000000,1.000000,1.000000,1.000000,1.000000,1.000000,1.000000,1.000000,1.000000,1.000000,1.000000',b'Port,3,0.000000,0.000000,0.000000,0.000000,0.000000,0.000000,0.000000,0.000000,0.000000,0.000000,0.000000,0.000000',b'Port,4,102.323500,-1.066300,105.138700,-3.460700,26.480200,-0.611600,44.530100,-0.765300,21.946700,-0.920700,41.975300,3.582800'
1686750255.2496176 ,b'Port,1,81.460100,-0.219100,46.224200,-0.327500,32.211700,2.728800,45.698800,1.595700,74.022600,-4.295800,32.516800,2.385600',b'Port,2,1.000000,1.000000,1.000000,1.000000,1.000000,1.000000,1.000000,1.000000,1.000000,1.000000,1.000000,1.000000',b'Port,3,0.000000,0.000000,0.000000,0.000000,0.000000,0.000000,0.000000,0.000000,0.000000,0.000000,0.000000,0.000000',b'Port,4,109.151000,-1.087700,99.161600,-3.667300,27.556500,-0.633300,51.517500,-0.755600,21.152200,-0.727400,51.238600,-2.529800'
1686750255.4602993 ,b'Port,1,95.113600,-0.222600,46.051200,-0.358300,33.134300,2.701500,46.240400,1.580700,73.076800,-4.235000,31.370800,2.419000',b'Port,2,1.000000,1.000000,1.000000,1.000000,1.000000,1.000000,1.000000,1.000000,1.000000,1.000000,1.000000,1.000000',b'Port,3,0.000000,0.000000,0.000000,0.000000,0.000000,0.000000,0.000000,0.000000,0.000000,0.000000,0.000000,0.000000',b'Port,4,109.129600,-1.218700,90.495700,2.387300,28.194400,-0.691300,55.152500,-0.745100,22.500800,-0.904300,52.526800,-2.508100'
1686750255.6710033 ,b'Port,1,91.518500,-0.226200,48.680600,-0.362700,33.361300,2.706700,44.802500,1.565800,73.958300,-4.280700,31.519900,2.400600',b'Port,2,1.000000,1.000000,1.000000,1.000000,1.000000,1.000000,1.000000,1.000000,1.000000,1.000000,1.000000,1.000000',b'Port,3,0.000000,0.000000,0.000000,0.000000,0.000000,0.000000,0.000000,0.000000,0.000000,0.000000,0.000000,0.000000',b'Port,4,113.635100,-1.147700,101.514300,-3.875200,27.870800,-0.723000,49.510200,-0.757600,21.418700,-0.889300,51.266700,-2.582900'
1686750255.8816912 ,b'Port,1,88.856400,-0.180100,47.944700,-0.343400,34.135500,2.685800,44.116100,1.569000,77.065800,-4.292900,32.783500,2.396000',b'Port,2,1.000000,1.000000,1.000000,1.000000,1.000000,1.000000,1.000000,1.000000,1.000000,1.000000,1.000000,1.000000',b'Port,3,0.000000,0.000000,0.000000,0.000000,0.000000,0.000000,0.000000,0.000000,0.000000,0.000000,0.000000,0.000000',b'Port,4,100.955400,-1.064100,101.729300,-3.678400,26.667600,-0.657000,47.287500,-0.762300,19.556500,-0.729100,42.071700,3.567500'
1686750256.0923882 ,b'Port,1,85.750200,-0.187500,46.938000,-0.356700,31.271300,2.729700,46.068100,1.599100,74.043300,-4.288200,30.687600,2.390000',b'Port,2,1.000000,1.000000,1.000000,1.000000,1.000000,1.000000,1.000000,1.000000,1.000000,1.000000,1.000000,1.000000',b'Port,3,0.000000,0.000000,0.000000,0.000000,0.000000,0.000000,0.000000,0.000000,0.000000,0.000000,0.000000,0.000000',b'Port,4,107.985800,-1.100800,106.715500,-3.540000,26.618700,-0.632900,48.446000,-0.791500,20.476000,-0.727400,45.512200,3.633600'
1686750256.3030863 ,b'Port,1,86.482000,-0.291200,45.952700,-0.336000,32.329900,2.727400,45.817900,1.594800,72.177500,-4.292300,30.126900,2.390800',b'Port,2,1.000000,1.000000,1.000000,1.000000,1.000000,1.000000,1.000000,1.000000,1.000000,1.000000,1.000000,1.000000',b'Port,3,0.000000,0.000000,0.000000,0.000000,0.000000,0.000000,0.000000,0.000000,0.000000,0.000000,0.000000,0.000000',b'Port,4,108.519700,-1.162400,97.892900,-3.632400,27.349500,-0.647600,53.204900,-0.766000,21.277300,-0.720200,53.413500,-2.522100'
1686750256.5137713 ,b'Port,1,84.913500,-0.174300,47.035000,-0.372200,35.718500,2.668800,46.231200,1.553900,79.265900,-4.260300,31.460900,2.387300',b'Port,2,1.000000,1.000000,1.000000,1.000000,1.000000,1.000000,1.000000,1.000000,1.000000,1.000000,1.000000,1.000000',b'Port,3,0.000000,0.000000,0.000000,0.000000,0.000000,0.000000,0.000000,0.000000,0.000000,0.000000,0.000000,0.000000',b'Port,4,110.870400,-1.144300,98.362000,-3.841400,28.462700,-0.687300,49.818800,-0.775300,21.274200,-0.705400,54.886700,-2.489300'
1686750256.7244663 ,b'Port,1,84.006600,-0.175800,46.001600,-0.325300,35.489800,2.693000,45.544800,1.568100,84.379700,-4.270900,31.824500,2.387300',b'Port,2,1.000000,1.000000,1.000000,1.000000,1.000000,1.000000,1.000000,1.000000,1.000000,1.000000,1.000000,1.000000',b'Port,3,0.000000,0.000000,0.000000,0.000000,0.000000,0.000000,0.000000,0.000000,0.000000,0.000000,0.000000,0.000000',b'Port,4,119.268600,-1.282200,98.279400,2.394400,28.091000,-0.722700,54.164600,-0.786200,20.405600,-0.705900,58.325800,-2.473500'
1686750256.935239 ,b'Port,1,90.440400,-0.226600,47.058400,-0.371700,32.800500,2.716400,46.055400,1.590100,73.425300,-4.288000,31.159500,2.385600',b'Port,2,1.000000,1.000000,1.000000,1.000000,1.000000,1.000000,1.000000,1.000000,1.000000,1.000000,1.000000,1.000000',b'Port,3,0.000000,0.000000,0.000000,0.000000,0.000000,0.000000,0.000000,0.000000,0.000000,0.000000,0.000000,0.000000',b'Port,4,111.369300,-1.158100,101.434000,-3.726700,26.689800,-0.663700,46.183300,-0.766800,19.841100,-0.721500,47.643700,3.652700'
1686750257.1458645 ,b'Port,1,85.345200,-0.203800,46.635500,-0.356600,32.411700,2.721100,46.414600,1.587800,73.451100,-4.298900,30.889900,2.392700',b'Port,2,1.000000,1.000000,1.000000,1.000000,1.000000,1.000000,1.000000,1.000000,1.000000,1.000000,1.000000,1.000000',b'Port,3,0.000000,0.000000,0.000000,0.000000,0.000000,0.000000,0.000000,0.000000,0.000000,0.000000,0.000000,0.000000',b'Port,4,101.504600,-1.075700,101.904300,-3.485300,26.582800,-0.641200,47.773700,-0.789100,20.579500,-0.725000,47.487800,3.648800'
1686750257.3565583 ,b'Port,1,94.401500,-0.229000,46.928700,-0.332900,32.636200,2.730100,48.491600,1.570800,69.489700,-4.276700,31.131700,2.402600',b'Port,2,1.000000,1.000000,1.000000,1.000000,1.000000,1.000000,1.000000,1.000000,1.000000,1.000000,1.000000,1.000000',b'Port,3,0.000000,0.000000,0.000000,0.000000,0.000000,0.000000,0.000000,0.000000,0.000000,0.000000,0.000000,0.000000',b'Port,4,105.559000,-1.030100,99.525600,-3.542700,28.489700,-0.649900,51.262200,-0.778500,21.754000,-0.702500,60.988700,-2.435400'
1686750257.5673368 ,b'Port,1,87.950000,-0.210500,47.422100,-0.358400,33.217700,2.708900,45.574700,1.584200,70.287300,-4.252100,31.661500,2.385300',b'Port,2,1.000000,1.000000,1.000000,1.000000,1.000000,1.000000,1.000000,1.000000,1.000000,1.000000,1.000000,1.000000',b'Port,3,0.000000,0.000000,0.000000,0.000000,0.000000,0.000000,0.000000,0.000000,0.000000,0.000000,0.000000,0.000000',b'Port,4,110.226300,-1.151500,99.522800,-3.795400,28.546400,-0.686000,49.638600,-0.788000,23.573500,-0.695600,75.249000,-2.294900'
1686750257.7780013 ,b'Port,1,94.475900,-0.215200,47.831200,-0.383300,34.450500,2.705900,44.134700,1.573500,76.181600,-4.232900,31.092300,2.375200',b'Port,2,1.000000,1.000000,1.000000,1.000000,1.000000,1.000000,1.000000,1.000000,1.000000,1.000000,1.000000,1.000000',b'Port,3,0.000000,0.000000,0.000000,0.000000,0.000000,0.000000,0.000000,0.000000,0.000000,0.000000,0.000000,0.000000',b'Port,4,112.054800,-1.296600,93.586200,2.377800,27.314200,-0.698900,49.676200,-0.757300,20.387700,-0.695800,57.674700,-2.506900'
1686750257.9886947 ,b'Port,1,85.827500,-0.208900,48.536100,-0.381000,34.011100,2.694500,44.434600,1.597100,77.325600,-4.282100,31.278200,2.395000',b'Port,2,1.000000,1.000000,1.000000,1.000000,1.000000,1.000000,1.000000,1.000000,1.000000,1.000000,1.000000,1.000000',b'Port,3,0.000000,0.000000,0.000000,0.000000,0.000000,0.000000,0.000000,0.000000,0.000000,0.000000,0.000000,0.000000',b'Port,4,105.426500,-1.094600,103.306500,-3.592800,26.380400,-0.630300,47.301900,-0.777800,20.067600,-0.717500,47.254900,3.641700'
1686750258.1993458 ,b'Port,1,85.598600,-0.220800,47.911300,-0.342400,32.482700,2.720600,48.544400,1.590600,75.767800,-4.323900,31.231700,2.371600',b'Port,2,1.000000,1.000000,1.000000,1.000000,1.000000,1.000000,1.000000,1.000000,1.000000,1.000000,1.000000,1.000000',b'Port,3,0.000000,0.000000,0.000000,0.000000,0.000000,0.000000,0.000000,0.000000,0.000000,0.000000,0.000000,0.000000',b'Port,4,109.303800,-1.148800,92.882400,-3.726600,27.262300,-0.654000,52.872300,-0.759400,21.684500,-0.715300,57.273600,-2.425100'
1686750258.4099782 ,b'Port,1,85.971100,-0.208400,49.222300,-0.405800,32.339800,2.717700,46.932500,1.589900,75.165900,-4.294700,31.975600,2.371900',b'Port,2,1.000000,1.000000,1.000000,1.000000,1.000000,1.000000,1.000000,1.000000,1.000000,1.000000,1.000000,1.000000',b'Port,3,0.000000,0.000000,0.000000,0.000000,0.000000,0.000000,0.000000,0.000000,0.000000,0.000000,0.000000,0.000000',b'Port,4,116.727300,-1.144800,93.270800,-3.834700,29.354300,-0.680500,52.972800,-0.776200,22.675800,-0.700500,65.662500,-2.366500'
1686750258.620741 ,b'Port,1,87.798800,-0.240000,48.088000,-0.395900,35.774200,2.664800,44.854400,1.559700,77.790900,-4.250800,31.643800,2.385600',b'Port,2,1.000000,1.000000,1.000000,1.000000,1.000000,1.000000,1.000000,1.000000,1.000000,1.000000,1.000000,1.000000',b'Port,3,0.000000,0.000000,0.000000,0.000000,0.000000,0.000000,0.000000,0.000000,0.000000,0.000000,0.000000,0.000000',b'Port,4,115.354400,-1.281900,91.825000,2.306100,28.800800,-0.734300,53.718400,-0.778000,21.291600,-0.692000,61.784900,-2.412500'
1686750258.8314698 ,b'Port,1,87.468800,-0.204800,47.978500,-0.375100,34.924100,2.700200,45.347500,1.565700,77.930000,-4.226500,31.661900,2.380400',b'Port,2,1.000000,1.000000,1.000000,1.000000,1.000000,1.000000,1.000000,1.000000,1.000000,1.000000,1.000000,1.000000',b'Port,3,0.000000,0.000000,0.000000,0.000000,0.000000,0.000000,0.000000,0.000000,0.000000,0.000000,0.000000,0.000000',b'Port,4,114.708300,-1.165200,93.289900,-3.863200,28.235400,-0.721600,48.801300,-0.774900,20.220800,-0.696400,54.574400,-2.525200'
1686750259.0420334 ,b'Port,1,80.609600,-0.202400,47.106500,-0.357600,34.127900,2.717700,44.874900,1.566900,72.866400,-4.270400,31.300800,2.383100',b'Port,2,1.000000,1.000000,1.000000,1.000000,1.000000,1.000000,1.000000,1.000000,1.000000,1.000000,1.000000,1.000000',b'Port,3,0.000000,0.000000,0.000000,0.000000,0.000000,0.000000,0.000000,0.000000,0.000000,0.000000,0.000000,0.000000',b'Port,4,111.870800,-1.168500,99.971200,-3.643600,27.369500,-0.674100,49.211200,-0.803700,19.794500,-0.733200,45.121700,3.634400'
1686750259.252725 ,b'Port,1,86.409100,-0.258900,47.518200,-0.368000,31.930900,2.738600,46.676000,1.587800,75.366000,-4.280700,30.613200,2.389700',b'Port,2,1.000000,1.000000,1.000000,1.000000,1.000000,1.000000,1.000000,1.000000,1.000000,1.000000,1.000000,1.000000',b'Port,3,0.000000,0.000000,0.000000,0.000000,0.000000,0.000000,0.000000,0.000000,0.000000,0.000000,0.000000,0.000000',b'Port,4,109.990500,-1.179600,98.412800,-3.612300,28.414700,-0.661500,52.540600,-0.808400,20.948100,-0.706300,55.802300,-2.458700'
1686750259.4644184 ,b'Port,1,87.990200,-0.218100,47.877200,-0.377800,35.869600,2.685200,48.133700,1.568300,77.878600,-4.252600,32.351300,2.394100',b'Port,2,1.000000,1.000000,1.000000,1.000000,1.000000,1.000000,1.000000,1.000000,1.000000,1.000000,1.000000,1.000000',b'Port,3,0.000000,0.000000,0.000000,0.000000,0.000000,0.000000,0.000000,0.000000,0.000000,0.000000,0.000000,0.000000',b'Port,4,106.092800,-1.118700,99.529000,-3.757500,28.911500,-0.689300,51.217300,-0.782500,22.793800,-0.698000,69.718100,-2.262600'
1686750259.675111 ,b'Port,1,90.006600,-0.239600,46.050000,-0.365000,34.710800,2.700800,46.521300,1.560000,78.314800,-4.226200,31.166400,2.394500',b'Port,2,1.000000,1.000000,1.000000,1.000000,1.000000,1.000000,1.000000,1.000000,1.000000,1.000000,1.000000,1.000000',b'Port,3,0.000000,0.000000,0.000000,0.000000,0.000000,0.000000,0.000000,0.000000,0.000000,0.000000,0.000000,0.000000',b'Port,4,116.218500,-1.307700,94.403500,2.320700,28.399900,-0.741300,50.694500,-0.778000,21.657200,-0.694300,64.632200,-2.392700'
1686750259.8858004 ,b'Port,1,75.770900,-0.163600,44.708200,-0.327800,34.138300,2.723400,44.739400,1.596200,78.543400,-4.285000,31.518000,2.400500',b'Port,2,1.000000,1.000000,1.000000,1.000000,1.000000,1.000000,1.000000,1.000000,1.000000,1.000000,1.000000,1.000000',b'Port,3,0.000000,0.000000,0.000000,0.000000,0.000000,0.000000,0.000000,0.000000,0.000000,0.000000,0.000000,0.000000',b'Port,4,111.784200,-1.276500,93.431200,2.362900,28.125300,-0.733800,50.557200,-0.770200,20.667200,-0.705300,58.163700,-2.462900'
1686750260.0964992 ,b'Port,1,89.102300,-0.202900,46.398400,-0.355600,31.818400,2.746300,47.077000,1.602200,71.026100,-4.340700,31.230500,2.397000',b'Port,2,1.000000,1.000000,1.000000,1.000000,1.000000,1.000000,1.000000,1.000000,1.000000,1.000000,1.000000,1.000000',b'Port,3,0.000000,0.000000,0.000000,0.000000,0.000000,0.000000,0.000000,0.000000,0.000000,0.000000,0.000000,0.000000',b'Port,4,106.767300,-1.166100,102.196900,-3.683500,27.233700,-0.683500,48.404000,-0.773400,19.854200,-0.734000,48.533600,-2.598600'
1686750260.3071978 ,b'Port,1,94.401800,-0.236800,46.750400,-0.358200,31.891600,2.713800,49.197000,1.601400,68.306800,-4.270300,30.763800,2.389100',b'Port,2,1.000000,1.000000,1.000000,1.000000,1.000000,1.000000,1.000000,1.000000,1.000000,1.000000,1.000000,1.000000',b'Port,3,0.000000,0.000000,0.000000,0.000000,0.000000,0.000000,0.000000,0.000000,0.000000,0.000000,0.000000,0.000000',b'Port,4,103.183300,-1.080700,97.680300,-3.598900,29.066400,-0.648400,51.050200,-0.788700,20.782700,-0.716700,52.570100,-2.520700'
1686750260.517919 ,b'Port,1,96.154900,-0.270300,45.559300,-0.329600,34.908400,2.696900,45.056100,1.591200,70.426300,-4.271100,30.796200,2.393700',b'Port,2,1.000000,1.000000,1.000000,1.000000,1.000000,1.000000,1.000000,1.000000,1.000000,1.000000,1.000000,1.000000',b'Port,3,0.000000,0.000000,0.000000,0.000000,0.000000,0.000000,0.000000,0.000000,0.000000,0.000000,0.000000,0.000000',b'Port,4,108.712000,-1.101700,97.096700,-3.731300,28.928900,-0.680700,48.554900,-0.763100,22.129600,-0.713100,58.290600,-2.368300'
1686750260.7285845 ,b'Port,1,84.381300,-0.189300,46.245700,-0.368700,37.323100,2.663000,47.008400,1.584400,75.945500,-4.213200,30.999000,2.392400',b'Port,2,1.000000,1.000000,1.000000,1.000000,1.000000,1.000000,1.000000,1.000000,1.000000,1.000000,1.000000,1.000000',b'Port,3,0.000000,0.000000,0.000000,0.000000,0.000000,0.000000,0.000000,0.000000,0.000000,0.000000,0.000000,0.000000',b'Port,4,116.682300,-1.294700,94.031300,-3.879700,28.981000,-0.724500,50.648500,-0.780600,21.513800,-0.699500,61.065600,-2.384100'
1686750260.939274 ,b'Port,1,77.461100,-0.240000,45.756800,-0.355900,36.501200,2.661200,47.624100,1.561500,84.125200,-4.269800,31.543800,2.380400',b'Port,2,1.000000,1.000000,1.000000,1.000000,1.000000,1.000000,1.000000,1.000000,1.000000,1.000000,1.000000,1.000000',b'Port,3,0.000000,0.000000,0.000000,0.000000,0.000000,0.000000,0.000000,0.000000,0.000000,0.000000,0.000000,0.000000',b'Port,4,118.359200,-1.241200,91.372100,2.330900,27.863800,-0.742800,52.734200,-0.755000,21.934900,-0.899200,59.650400,-2.391200'
1686750261.1499753 ,b'Port,1,89.694300,-0.258700,44.915700,-0.342500,33.154700,2.735000,47.132700,1.599500,72.806700,-4.274100,31.047200,2.401600',b'Port,2,1.000000,1.000000,1.000000,1.000000,1.000000,1.000000,1.000000,1.000000,1.000000,1.000000,1.000000,1.000000',b'Port,3,0.000000,0.000000,0.000000,0.000000,0.000000,0.000000,0.000000,0.000000,0.000000,0.000000,0.000000,0.000000',b'Port,4,112.076200,-1.170900,96.227000,-3.769400,27.004100,-0.685800,48.676800,-0.751800,20.349900,-0.722300,52.898000,-2.486600'
1686750261.3606594 ,b'Port,1,83.099300,-0.208200,47.171200,-0.324300,32.723700,2.744600,48.637700,1.616100,74.463700,-4.314700,31.376000,2.390200',b'Port,2,1.000000,1.000000,1.000000,1.000000,1.000000,1.000000,1.000000,1.000000,1.000000,1.000000,1.000000,1.000000',b'Port,3,0.000000,0.000000,0.000000,0.000000,0.000000,0.000000,0.000000,0.000000,0.000000,0.000000,0.000000,0.000000',b'Port,4,109.965400,-1.120800,97.280300,-3.678800,28.327200,-0.666400,50.590600,-0.755400,21.355900,-0.712700,59.924100,-2.342700'
1686750261.5713665 ,b'Port,1,83.336700,-0.135100,47.611100,-0.373400,33.664900,2.722500,46.551200,1.575600,76.920000,-4.294800,31.203000,2.384000',b'Port,2,1.000000,1.000000,1.000000,1.000000,1.000000,1.000000,1.000000,1.000000,1.000000,1.000000,1.000000,1.000000',b'Port,3,0.000000,0.000000,0.000000,0.000000,0.000000,0.000000,0.000000,0.000000,0.000000,0.000000,0.000000,0.000000',b'Port,4,116.234800,-1.255500,90.874900,2.331900,28.544700,-0.730900,57.880000,-0.760900,21.510000,-0.707100,62.527200,-2.260600'
1686750261.7820475 ,b'Port,1,82.975300,-0.196500,44.972000,-0.359500,36.141100,2.680200,48.698300,1.582200,82.398800,-4.316700,31.470800,2.397400',b'Port,2,1.000000,1.000000,1.000000,1.000000,1.000000,1.000000,1.000000,1.000000,1.000000,1.000000,1.000000,1.000000',b'Port,3,0.000000,0.000000,0.000000,0.000000,0.000000,0.000000,0.000000,0.000000,0.000000,0.000000,0.000000,0.000000',b'Port,4,111.264900,-1.283600,84.649500,2.308900,28.010900,-0.745800,56.726500,-0.742800,20.684900,-0.703900,62.263600,-2.278800'
1686750261.992747 ,b'Port,1,86.964100,-0.177100,45.581800,-0.341300,36.104400,2.696700,47.481800,1.608000,82.328700,-4.318400,32.433800,2.390000',b'Port,2,1.000000,1.000000,1.000000,1.000000,1.000000,1.000000,1.000000,1.000000,1.000000,1.000000,1.000000,1.000000',b'Port,3,0.000000,0.000000,0.000000,0.000000,0.000000,0.000000,0.000000,0.000000,0.000000,0.000000,0.000000,0.000000',b'Port,4,120.988800,-1.243200,91.172200,-3.867600,27.554400,-0.696400,49.402000,-0.753000,22.299800,-0.900700,55.403200,-2.432600'
1686750262.2034476 ,b'Port,1,84.146300,-0.231100,46.884700,-0.342500,32.417900,2.750000,46.315600,1.588600,74.624200,-4.309200,32.819900,2.416000',b'Port,2,1.000000,1.000000,1.000000,1.000000,1.000000,1.000000,1.000000,1.000000,1.000000,1.000000,1.000000,1.000000',b'Port,3,0.000000,0.000000,0.000000,0.000000,0.000000,0.000000,0.000000,0.000000,0.000000,0.000000,0.000000,0.000000',b'Port,4,109.525600,-1.147400,98.491500,-3.641200,28.787400,-0.695100,54.377300,-0.764800,21.853200,-0.693000,62.181500,-2.282300'
1686750262.418141 ,b'Port,1,85.169000,-0.237900,47.400800,-0.359800,33.558700,2.713100,46.668500,1.591300,80.463200,-4.320400,32.125600,2.393800',b'Port,2,1.000000,1.000000,1.000000,1.000000,1.000000,1.000000,1.000000,1.000000,1.000000,1.000000,1.000000,1.000000',b'Port,3,0.000000,0.000000,0.000000,0.000000,0.000000,0.000000,0.000000,0.000000,0.000000,0.000000,0.000000,0.000000',b'Port,4,114.626700,-1.202000,90.852400,-3.784400,29.605900,-0.713300,53.848200,-0.754500,23.441100,-0.703400,73.239400,-2.066200'
1686750262.6288226 ,b'Port,1,83.326900,-0.179900,44.673300,-0.362800,36.435900,2.679000,47.764200,1.588800,76.879300,-4.240500,31.586300,2.376500',b'Port,2,1.000000,1.000000,1.000000,1.000000,1.000000,1.000000,1.000000,1.000000,1.000000,1.000000,1.000000,1.000000',b'Port,3,0.000000,0.000000,0.000000,0.000000,0.000000,0.000000,0.000000,0.000000,0.000000,0.000000,0.000000,0.000000',b'Port,4,108.846900,-1.257500,97.022800,2.363300,29.611500,-0.745700,51.300100,-0.769600,22.694800,-0.691300,69.533600,-2.181000'
1686750262.839519 ,b'Port,1,91.845200,-0.191200,46.167200,-0.353300,35.897100,2.665200,49.596400,1.586100,85.819000,-4.269900,32.389600,2.382400',b'Port,2,1.000000,1.000000,1.000000,1.000000,1.000000,1.000000,1.000000,1.000000,1.000000,1.000000,1.000000,1.000000',b'Port,3,0.000000,0.000000,0.000000,0.000000,0.000000,0.000000,0.000000,0.000000,0.000000,0.000000,0.000000,0.000000',b'Port,4,109.963600,-1.299200,84.786200,2.273100,28.179400,-0.766100,53.751700,-0.758100,21.360900,-0.709000,67.085200,-2.205000'
1686750263.0502167 ,b'Port,1,84.624500,-0.208900,47.101700,-0.399000,34.336600,2.713100,46.234100,1.587600,76.956900,-4.306300,32.352300,2.380300',b'Port,2,1.000000,1.000000,1.000000,1.000000,1.000000,1.000000,1.000000,1.000000,1.000000,1.000000,1.000000,1.000000',b'Port,3,0.000000,0.000000,0.000000,0.000000,0.000000,0.000000,0.000000,0.000000,0.000000,0.000000,0.000000,0.000000',b'Port,4,119.048600,-1.198100,90.703200,2.377800,27.605900,-0.714900,49.924200,-0.725300,21.412200,-0.712600,60.140500,-2.295000'
1686750263.2609797 ,b'Port,1,82.989200,-0.224600,46.803300,-0.323100,32.812800,2.736800,49.055300,1.605800,75.836700,-4.337900,30.929300,2.396300',b'Port,2,1.000000,1.000000,1.000000,1.000000,1.000000,1.000000,1.000000,1.000000,1.000000,1.000000,1.000000,1.000000',b'Port,3,0.000000,0.000000,0.000000,0.000000,0.000000,0.000000,0.000000,0.000000,0.000000,0.000000,0.000000,0.000000',b'Port,4,113.410700,-1.160200,88.940600,-3.795100,28.200600,-0.709900,54.922900,-0.746400,23.322400,-0.709000,68.255400,-2.075500'
1686750263.4716792 ,b'Port,1,83.684600,-0.243100,46.713300,-0.347000,33.938100,2.739700,45.873700,1.591700,75.752500,-4.261500,30.975400,2.379900',b'Port,2,1.000000,1.000000,1.000000,1.000000,1.000000,1.000000,1.000000,1.000000,1.000000,1.000000,1.000000,1.000000',b'Port,3,0.000000,0.000000,0.000000,0.000000,0.000000,0.000000,0.000000,0.000000,0.000000,0.000000,0.000000,0.000000',b'Port,4,116.206300,-1.174000,86.081300,2.337100,28.364800,-0.732300,60.750000,-0.710700,25.232600,-0.724500,70.210900,-1.801600'
1686750263.6833568 ,b'Port,1,80.731500,-0.201400,47.608400,-0.364700,34.402100,2.716200,47.253500,1.581300,79.524200,-4.271000,30.692300,2.395800',b'Port,2,1.000000,1.000000,1.000000,1.000000,1.000000,1.000000,1.000000,1.000000,1.000000,1.000000,1.000000,1.000000',b'Port,3,0.000000,0.000000,0.000000,0.000000,0.000000,0.000000,0.000000,0.000000,0.000000,0.000000,0.000000,0.000000',b'Port,4,116.168100,-1.287300,86.699200,2.288700,28.716700,-0.751900,56.502000,-0.734700,23.569200,-0.708700,67.968600,-2.027300'
1686750263.8940518 ,b'Port,1,82.895500,-0.173600,47.988800,-0.358600,36.341400,2.677000,46.384400,1.577600,86.640500,-4.244400,33.508600,2.385200',b'Port,2,1.000000,1.000000,1.000000,1.000000,1.000000,1.000000,1.000000,1.000000,1.000000,1.000000,1.000000,1.000000',b'Port,3,0.000000,0.000000,0.000000,0.000000,0.000000,0.000000,0.000000,0.000000,0.000000,0.000000,0.000000,0.000000',b'Port,4,123.846000,-1.383900,81.087000,2.171100,29.061300,-0.767700,60.189600,-0.749200,22.359300,-0.705200,68.987400,-2.040300'
1686750264.1047363 ,b'Port,1,77.616300,-0.197200,46.437700,-0.381500,33.884800,2.728200,47.207100,1.568800,76.023300,-4.315700,33.334000,2.371400',b'Port,2,1.000000,1.000000,1.000000,1.000000,1.000000,1.000000,1.000000,1.000000,1.000000,1.000000,1.000000,1.000000',b'Port,3,0.000000,0.000000,0.000000,0.000000,0.000000,0.000000,0.000000,0.000000,0.000000,0.000000,0.000000,0.000000',b'Port,4,120.438500,-1.274600,80.890500,2.252100,28.502300,-0.740700,55.419400,-0.711500,22.605700,-0.714000,67.513600,-2.011600'
1686750264.3154378 ,b'Port,1,78.644200,-0.201500,47.559500,-0.359300,32.761000,2.739200,47.688900,1.600800,77.281100,-4.315100,32.644900,2.369100',b'Port,2,1.000000,1.000000,1.000000,1.000000,1.000000,1.000000,1.000000,1.000000,1.000000,1.000000,1.000000,1.000000',b'Port,3,0.000000,0.000000,0.000000,0.000000,0.000000,0.000000,0.000000,0.000000,0.000000,0.000000,0.000000,0.000000',b'Port,4,115.079600,-1.352500,91.850400,2.368600,28.901000,-0.721700,55.206200,-0.719800,24.332900,-0.718800,70.159500,-1.893800'
1686750264.5261238 ,b'Port,1,74.874900,-0.226100,46.409600,-0.365400,32.705100,2.745000,45.853800,1.587700,80.798800,-4.298700,32.340300,2.391800',b'Port,2,1.000000,1.000000,1.000000,1.000000,1.000000,1.000000,1.000000,1.000000,1.000000,1.000000,1.000000,1.000000',b'Port,3,0.000000,0.000000,0.000000,0.000000,0.000000,0.000000,0.000000,0.000000,0.000000,0.000000,0.000000,0.000000',b'Port,4,116.250200,-1.195300,87.678800,2.303800,28.658100,-0.728500,54.060600,-0.745100,26.299300,-0.741500,69.215500,-1.789900'
1686750264.7368214 ,b'Port,1,77.427800,-0.168700,46.873600,-0.352100,34.148700,2.711100,45.623400,1.566400,77.925300,-4.265000,33.908300,2.398100',b'Port,2,1.000000,1.000000,1.000000,1.000000,1.000000,1.000000,1.000000,1.000000,1.000000,1.000000,1.000000,1.000000',b'Port,3,0.000000,0.000000,0.000000,0.000000,0.000000,0.000000,0.000000,0.000000,0.000000,0.000000,0.000000,0.000000',b'Port,4,117.757700,-1.272600,89.146400,2.308900,29.797100,-0.746000,45.143000,-0.768600,24.404400,-0.705200,67.229500,-2.114500'
1686750264.947544 ,b'Port,1,84.244200,-0.191800,35.830000,-0.021300,38.367100,2.635900,50.623700,1.572200,82.677800,-4.276700,33.473100,2.380600',b'Port,2,1.000000,1.000000,1.000000,1.000000,1.000000,1.000000,1.000000,1.000000,1.000000,1.000000,1.000000,1.000000',b'Port,3,0.000000,0.000000,0.000000,0.000000,0.000000,0.000000,0.000000,0.000000,0.000000,0.000000,0.000000,0.000000',b'Port,4,118.016800,-1.294200,83.186900,2.177300,29.352500,-0.780200,49.849400,-0.741900,22.670600,-0.694100,69.968700,-2.098900'
1686750265.161213 ,b'Port,1,78.587100,-0.227000,34.037000,-0.008600,33.810000,2.720100,47.431400,1.571400,74.976800,-4.300800,31.628400,2.386000',b'Port,2,1.000000,1.000000,1.000000,1.000000,1.000000,1.000000,1.000000,1.000000,1.000000,1.000000,1.000000,1.000000',b'Port,3,0.000000,0.000000,0.000000,0.000000,0.000000,0.000000,0.000000,0.000000,0.000000,0.000000,0.000000,0.000000',b'Port,4,113.452900,-1.120400,88.461700,-3.844100,28.474200,-0.719600,54.136200,-0.730800,23.334400,-0.728200,68.783100,-1.973600'
1686750265.3719065 ,b'Port,1,85.433600,-0.213000,47.171500,-0.352200,33.625000,2.732300,48.677300,1.605500,74.520900,-4.308600,31.808800,2.388600',b'Port,2,1.000000,1.000000,1.000000,1.000000,1.000000,1.000000,1.000000,1.000000,1.000000,1.000000,1.000000,1.000000',b'Port,3,0.000000,0.000000,0.000000,0.000000,0.000000,0.000000,0.000000,0.000000,0.000000,0.000000,0.000000,0.000000',b'Port,4,113.429600,-1.145200,90.605800,-3.851200,28.831500,-0.719200,54.756800,-0.739700,25.516000,-0.733300,69.000900,-1.753600'
1686750265.5825927 ,b'Port,1,84.492100,-0.194800,44.510400,-0.324700,34.236100,2.717500,47.446200,1.581000,79.748300,-4.286700,31.456500,2.398000',b'Port,2,1.000000,1.000000,1.000000,1.000000,1.000000,1.000000,1.000000,1.000000,1.000000,1.000000,1.000000,1.000000',b'Port,3,0.000000,0.000000,0.000000,0.000000,0.000000,0.000000,0.000000,0.000000,0.000000,0.000000,0.000000,0.000000',b'Port,4,124.684800,-1.383200,92.482200,2.266300,29.649300,-0.749400,51.814400,-0.754400,26.599100,-0.719500,71.695800,-1.842000'
1686750265.7932873 ,b'Port,1,81.863400,-0.215100,45.515400,-0.370600,37.851900,2.658200,48.424600,1.559800,81.306200,-4.285700,33.164800,2.389600',b'Port,2,1.000000,1.000000,1.000000,1.000000,1.000000,1.000000,1.000000,1.000000,1.000000,1.000000,1.000000,1.000000',b'Port,3,0.000000,0.000000,0.000000,0.000000,0.000000,0.000000,0.000000,0.000000,0.000000,0.000000,0.000000,0.000000',b'Port,4,119.727000,-1.364200,86.177900,2.191400,29.838100,-0.766300,49.821700,-0.753900,22.731200,-0.701300,67.238500,-2.122800'
1686750266.0039887 ,b'Port,1,80.515800,-0.163100,45.969300,-0.363600,35.743200,2.686600,48.287700,1.548700,84.168400,-4.315200,31.266200,2.395600',b'Port,2,1.000000,1.000000,1.000000,1.000000,1.000000,1.000000,1.000000,1.000000,1.000000,1.000000,1.000000,1.000000',b'Port,3,0.000000,0.000000,0.000000,0.000000,0.000000,0.000000,0.000000,0.000000,0.000000,0.000000,0.000000,0.000000',b'Port,4,117.621500,-1.294800,90.768700,2.302500,28.461100,-0.747400,49.893500,-0.745200,21.666100,-0.708300,66.100900,-2.171100'
1686750266.2146902 ,b'Port,1,81.904700,-0.160600,46.550000,-0.367000,32.470500,2.756100,46.606000,1.588300,76.650200,-4.282000,30.958700,2.399600',b'Port,2,1.000000,1.000000,1.000000,1.000000,1.000000,1.000000,1.000000,1.000000,1.000000,1.000000,1.000000,1.000000',b'Port,3,0.000000,0.000000,0.000000,0.000000,0.000000,0.000000,0.000000,0.000000,0.000000,0.000000,0.000000,0.000000',b'Port,4,113.029100,-1.260200,95.389800,-3.788300,28.067600,-0.724700,48.638600,-0.761800,22.493600,-0.713500,68.377100,-2.091700'
1686750266.425371 ,b'Port,1,78.782000,-0.142900,45.724800,-0.350000,31.512600,2.772700,48.676800,1.607600,72.309800,-4.300900,31.596100,2.388000',b'Port,2,1.000000,1.000000,1.000000,1.000000,1.000000,1.000000,1.000000,1.000000,1.000000,1.000000,1.000000,1.000000',b'Port,3,0.000000,0.000000,0.000000,0.000000,0.000000,0.000000,0.000000,0.000000,0.000000,0.000000,0.000000,0.000000',b'Port,4,114.390400,-1.173400,88.753400,-3.862400,28.488400,-0.724800,55.932900,-0.736400,24.849000,-0.736100,68.562800,-1.832700'
1686750266.6360912 ,b'Port,1,89.455100,-0.219300,46.773700,-0.353900,36.629400,2.675800,49.366900,1.568600,78.847400,-4.256200,31.031300,2.403100',b'Port,2,1.000000,1.000000,1.000000,1.000000,1.000000,1.000000,1.000000,1.000000,1.000000,1.000000,1.000000,1.000000',b'Port,3,0.000000,0.000000,0.000000,0.000000,0.000000,0.000000,0.000000,0.000000,0.000000,0.000000,0.000000,0.000000',b'Port,4,116.256600,-1.237900,90.570300,2.290700,29.315100,-0.744600,55.864500,-0.752700,26.745700,-0.729200,72.329800,-1.788200'
1686750266.8467572 ,b'Port,1,78.540900,-0.162800,46.176600,-0.387900,39.468900,2.643600,51.159000,1.598100,87.261600,-4.275300,33.027800,2.385000',b'Port,2,1.000000,1.000000,1.000000,1.000000,1.000000,1.000000,1.000000,1.000000,1.000000,1.000000,1.000000,1.000000',b'Port,3,0.000000,0.000000,0.000000,0.000000,0.000000,0.000000,0.000000,0.000000,0.000000,0.000000,0.000000,0.000000',b'Port,4,121.652900,-1.377500,81.559700,2.194600,29.064400,-0.769900,51.842600,-0.746200,23.452000,-0.720600,68.000400,-2.112900'
1686750267.0574484 ,b'Port,1,79.643200,-0.156000,45.744100,-0.347000,41.181300,2.586400,54.755600,1.603200,85.595000,-4.321900,32.302100,2.383600',b'Port,2,1.000000,1.000000,1.000000,1.000000,1.000000,1.000000,1.000000,1.000000,1.000000,1.000000,1.000000,1.000000',b'Port,3,0.000000,0.000000,0.000000,0.000000,0.000000,0.000000,0.000000,0.000000,0.000000,0.000000,0.000000,0.000000',b'Port,4,114.363500,-1.305500,85.356700,2.255700,28.604800,-0.769000,49.024900,-0.748900,22.001500,-0.703100,66.883800,-2.200900'
1686750267.2681446 ,b'Port,1,83.718800,-0.193200,44.226400,-0.330200,39.882500,2.621700,53.342100,1.607400,86.433000,-4.307500,31.991000,2.398100',b'Port,2,1.000000,1.000000,1.000000,1.000000,1.000000,1.000000,1.000000,1.000000,1.000000,1.000000,1.000000,1.000000',b'Port,3,0.000000,0.000000,0.000000,0.000000,0.000000,0.000000,0.000000,0.000000,0.000000,0.000000,0.000000,0.000000',b'Port,4,110.373300,-1.124500,93.637100,2.397500,28.506600,-0.761000,45.832600,-0.810600,22.462400,-0.692400,65.250400,-2.220800'
1686750267.4788377 ,b'Port,1,74.225900,-0.201300,43.944500,-0.324800,41.240800,2.617400,60.265000,1.622900,81.818400,-4.278300,31.192800,2.414100',b'Port,2,1.000000,1.000000,1.000000,1.000000,1.000000,1.000000,1.000000,1.000000,1.000000,1.000000,1.000000,1.000000',b'Port,3,0.000000,0.000000,0.000000,0.000000,0.000000,0.000000,0.000000,0.000000,0.000000,0.000000,0.000000,0.000000',b'Port,4,114.097200,-1.180300,89.013900,2.300700,29.652800,-0.789400,53.955800,-0.855800,28.357500,-0.904500,76.814200,-1.644800'
1686750267.6895328 ,b'Port,1,66.818600,-0.200400,44.700600,-0.353500,49.392100,2.574900,73.267800,1.742400,86.228900,-4.283700,30.365100,2.419100',b'Port,2,1.000000,1.000000,1.000000,1.000000,1.000000,1.000000,1.000000,1.000000,1.000000,1.000000,1.000000,1.000000',b'Port,3,0.000000,0.000000,0.000000,0.000000,0.000000,0.000000,0.000000,0.000000,0.000000,0.000000,0.000000,0.000000',b'Port,4,111.777100,-1.227700,88.259000,2.267200,28.843000,-0.760100,60.946800,-0.887600,24.350900,-0.691200,74.749800,-2.138700'
1686750267.9002266 ,b'Port,1,63.568000,-0.233900,44.244700,-0.383800,50.615300,2.615300,69.685900,1.721500,93.053000,-4.409300,30.556000,2.396100',b'Port,2,1.000000,1.000000,1.000000,1.000000,1.000000,1.000000,1.000000,1.000000,1.000000,1.000000,1.000000,1.000000',b'Port,3,0.000000,0.000000,0.000000,0.000000,0.000000,0.000000,0.000000,0.000000,0.000000,0.000000,0.000000,0.000000',b'Port,4,110.117400,-1.148200,97.223200,2.235500,29.848300,-0.704400,65.591700,-1.014700,20.065400,-0.693400,45.080600,3.511000'
1686750268.1109211 ,b'Port,1,69.330200,-0.241800,49.186100,-0.408100,54.519300,2.574400,82.377900,1.748300,122.088700,1.748700,32.940300,2.400700',b'Port,2,1.000000,1.000000,1.000000,1.000000,1.000000,1.000000,1.000000,1.000000,1.000000,1.000000,1.000000,1.000000',b'Port,3,0.000000,0.000000,0.000000,0.000000,0.000000,0.000000,0.000000,0.000000,0.000000,0.000000,0.000000,0.000000',b'Port,4,115.082300,-1.074400,94.343400,2.171000,30.505900,-0.726000,67.669200,-1.123700,20.695600,-0.676200,46.316200,3.475200'
1686750268.323621 ,b'Port,1,88.913100,-0.396500,68.445800,-0.372800,81.840500,2.232000,62.783300,1.390300,105.166100,-4.429100,29.170000,2.436000',b'Port,2,1.000000,1.000000,1.000000,1.000000,1.000000,1.000000,1.000000,1.000000,1.000000,1.000000,1.000000,1.000000',b'Port,3,0.000000,0.000000,0.000000,0.000000,0.000000,0.000000,0.000000,0.000000,0.000000,0.000000,0.000000,0.000000',b'Port,4,116.654300,-1.204100,94.431700,2.098100,31.963700,-0.741400,67.655900,-1.170700,22.121800,-0.672400,61.586100,3.627300'
1686750268.5343325 ,b'Port,1,95.069500,-0.505900,135.287400,-0.268500,99.448000,1.258500,83.161900,1.197500,82.117800,-4.377500,25.167400,2.436700',b'Port,2,1.000000,1.000000,1.000000,1.000000,1.000000,1.000000,1.000000,1.000000,1.000000,1.000000,1.000000,1.000000',b'Port,3,0.000000,0.000000,0.000000,0.000000,0.000000,0.000000,0.000000,0.000000,0.000000,0.000000,0.000000,0.000000',b'Port,4,136.158600,-1.206200,80.339500,2.026500,32.222900,-0.729300,114.624000,-1.386600,22.084300,-0.725900,56.884700,3.640500'
1686750268.745026 ,b'Port,1,104.229600,-0.582400,221.579100,-0.265200,76.757900,0.936500,50.067600,1.189000,127.272500,-4.426500,27.618700,2.453500',b'Port,2,1.000000,1.000000,1.000000,1.000000,1.000000,1.000000,1.000000,1.000000,1.000000,1.000000,1.000000,1.000000',b'Port,3,0.000000,0.000000,0.000000,0.000000,0.000000,0.000000,0.000000,0.000000,0.000000,0.000000,0.000000,0.000000',b'Port,4,139.530500,-1.248100,87.508100,1.977900,30.703800,-0.704700,135.552700,-1.189400,15.729700,-0.773300,17.914500,3.243500'
1686750268.9567127 ,b'Port,1,131.608900,-0.842500,388.116900,-0.429700,71.919000,0.913500,115.376900,1.078300,124.367100,-4.492500,28.479200,2.448000',b'Port,2,1.000000,1.000000,1.000000,1.000000,1.000000,1.000000,1.000000,1.000000,1.000000,1.000000,1.000000,1.000000',b'Port,3,0.000000,0.000000,0.000000,0.000000,0.000000,0.000000,0.000000,0.000000,0.000000,0.000000,0.000000,0.000000',b'Port,4,151.545400,-1.234300,86.491000,1.895600,32.066000,-0.729400,334.282800,-1.521100,20.576000,-0.830600,30.501700,3.460000'
1686750269.1673949 ,b'Port,1,109.047300,-0.836400,678.360100,-0.712000,81.870300,0.993600,137.806700,0.996600,111.463200,1.774100,27.297700,2.458700',b'Port,2,1.000000,1.000000,1.000000,1.000000,1.000000,1.000000,1.000000,1.000000,1.000000,1.000000,1.000000,1.000000',b'Port,3,0.000000,0.000000,0.000000,0.000000,0.000000,0.000000,0.000000,0.000000,0.000000,0.000000,0.000000,0.000000',b'Port,4,151.283700,-1.182400,85.345200,1.880600,34.994000,-0.764300,286.720300,-1.286800,39.414900,-0.943600,66.930500,-2.046200'
1686750269.3780951 ,b'Port,1,116.012100,-0.916800,486.469000,-0.054200,72.003500,0.960400,139.210000,1.026400,104.949300,1.766400,27.550300,2.468100',b'Port,2,1.000000,1.000000,1.000000,1.000000,1.000000,1.000000,1.000000,1.000000,1.000000,1.000000,1.000000,1.000000',b'Port,3,0.000000,0.000000,0.000000,0.000000,0.000000,0.000000,0.000000,0.000000,0.000000,0.000000,0.000000,0.000000',b'Port,4,169.170700,-1.480900,79.877200,1.836100,35.426500,-0.763100,349.785700,-1.108100,46.505300,-1.036000,67.108100,-1.908800'
1686750269.5887926 ,b'Port,1,117.698600,-0.920600,424.783000,-0.124200,78.974900,1.006900,127.500600,1.086600,100.582800,-4.467000,27.246400,2.466900',b'Port,2,1.000000,1.000000,1.000000,1.000000,1.000000,1.000000,1.000000,1.000000,1.000000,1.000000,1.000000,1.000000',b'Port,3,0.000000,0.000000,0.000000,0.000000,0.000000,0.000000,0.000000,0.000000,0.000000,0.000000,0.000000,0.000000',b'Port,4,171.624300,-1.378300,72.813900,1.894600,35.628400,-0.755300,683.589500,-1.617200,50.015500,-1.050100,67.265000,-1.845100'
1686750269.7994916 ,b'Port,1,104.400000,-0.928600,440.611200,-0.402000,85.847800,1.086800,124.082600,1.082700,103.972000,-4.472100,27.413300,2.482600',b'Port,2,1.000000,1.000000,1.000000,1.000000,1.000000,1.000000,1.000000,1.000000,1.000000,1.000000,1.000000,1.000000',b'Port,3,0.000000,0.000000,0.000000,0.000000,0.000000,0.000000,0.000000,0.000000,0.000000,0.000000,0.000000,0.000000',b'Port,4,163.505800,-1.406500,81.034800,1.887300,36.487000,-0.778300,634.969200,-1.174900,52.972900,-1.061600,67.353100,-1.834300'
1686750270.010183 ,b'Port,1,125.144500,-0.980800,524.676600,-0.511300,81.198000,0.966400,128.098200,1.066400,111.687500,1.766800,27.868100,2.469200',b'Port,2,1.000000,1.000000,1.000000,1.000000,1.000000,1.000000,1.000000,1.000000,1.000000,1.000000,1.000000,1.000000',b'Port,3,0.000000,0.000000,0.000000,0.000000,0.000000,0.000000,0.000000,0.000000,0.000000,0.000000,0.000000,0.000000',b'Port,4,175.696200,-1.526500,79.852700,1.924000,37.746700,-0.758900,559.442900,-1.167000,56.756200,-1.119300,65.588500,-1.812100'
1686750270.2208955 ,b'Port,1,112.622500,-0.971200,308.697700,-0.091300,76.462100,0.963200,122.000200,1.087300,113.124700,1.760700,27.740000,2.479000',b'Port,2,1.000000,1.000000,1.000000,1.000000,1.000000,1.000000,1.000000,1.000000,1.000000,1.000000,1.000000,1.000000',b'Port,3,0.000000,0.000000,0.000000,0.000000,0.000000,0.000000,0.000000,0.000000,0.000000,0.000000,0.000000,0.000000',b'Port,4,173.200600,-1.480300,75.789600,1.896800,36.255300,-0.757600,952.206700,-2.424900,56.968100,-1.136400,66.491400,-1.867800'
1686750270.4315832 ,b'Port,1,107.814700,-0.856100,306.017100,-0.046000,80.051600,0.996700,123.937600,1.057400,114.509300,1.773300,28.148200,2.481700',b'Port,2,1.000000,1.000000,1.000000,1.000000,1.000000,1.000000,1.000000,1.000000,1.000000,1.000000,1.000000,1.000000',b'Port,3,0.000000,0.000000,0.000000,0.000000,0.000000,0.000000,0.000000,0.000000,0.000000,0.000000,0.000000,0.000000',b'Port,4,179.887900,-1.497100,77.926100,1.883300,36.904300,-0.756300,1198.560600,-1.608700,54.996500,-1.101800,66.463400,-1.789800'
1686750270.6422756 ,b'Port,1,122.109200,-0.941400,324.656400,-0.210100,78.390700,0.982500,121.847900,1.087900,117.382100,-4.476000,28.376300,2.483800',b'Port,2,1.000000,1.000000,1.000000,1.000000,1.000000,1.000000,1.000000,1.000000,1.000000,1.000000,1.000000,1.000000',b'Port,3,0.000000,0.000000,0.000000,0.000000,0.000000,0.000000,0.000000,0.000000,0.000000,0.000000,0.000000,0.000000',b'Port,4,180.491900,-1.584300,80.060900,1.910800,36.371200,-0.773600,1627.920600,-2.255500,55.584100,-1.115400,64.930000,-1.872000'
1686750270.854974 ,b'Port,1,122.992200,-0.929700,351.850400,-0.314800,77.534000,0.980100,114.515000,1.159900,113.931200,-4.480300,29.101200,2.485100',b'Port,2,1.000000,1.000000,1.000000,1.000000,1.000000,1.000000,1.000000,1.000000,1.000000,1.000000,1.000000,1.000000',b'Port,3,0.000000,0.000000,0.000000,0.000000,0.000000,0.000000,0.000000,0.000000,0.000000,0.000000,0.000000,0.000000',b'Port,4,187.150300,-1.491900,79.500300,1.897400,37.343000,-0.764000,1239.110400,-3.074100,54.985300,-1.087200,64.499900,-1.855700'
1686750271.065672 ,b'Port,1,137.305500,-0.913900,267.476500,-0.182500,71.811900,1.036000,105.913900,1.219900,111.335600,-4.476400,28.579900,2.483500',b'Port,2,1.000000,1.000000,1.000000,1.000000,1.000000,1.000000,1.000000,1.000000,1.000000,1.000000,1.000000,1.000000',b'Port,3,0.000000,0.000000,0.000000,0.000000,0.000000,0.000000,0.000000,0.000000,0.000000,0.000000,0.000000,0.000000',b'Port,4,163.756100,-1.503400,75.936300,1.896800,37.404800,-0.764900,998.791000,-1.371200,54.476000,-1.104900,66.296300,-1.799300'
1686750271.2763734 ,b'Port,1,124.426100,-1.037100,301.085900,-0.309500,77.709700,1.072600,91.929600,1.219400,98.436000,-4.440200,29.122300,2.481000',b'Port,2,1.000000,1.000000,1.000000,1.000000,1.000000,1.000000,1.000000,1.000000,1.000000,1.000000,1.000000,1.000000',b'Port,3,0.000000,0.000000,0.000000,0.000000,0.000000,0.000000,0.000000,0.000000,0.000000,0.000000,0.000000,0.000000',b'Port,4,168.175300,-1.603200,78.035600,1.929000,36.904300,-0.766000,1964.833300,-2.891400,55.893100,-1.103500,66.288700,-1.815600'
1686750271.4870644 ,b'Port,1,123.081300,-1.007400,414.832400,-0.307200,77.169700,1.008300,101.104100,1.178500,99.546200,1.764600,28.199100,2.487800',b'Port,2,1.000000,1.000000,1.000000,1.000000,1.000000,1.000000,1.000000,1.000000,1.000000,1.000000,1.000000,1.000000',b'Port,3,0.000000,0.000000,0.000000,0.000000,0.000000,0.000000,0.000000,0.000000,0.000000,0.000000,0.000000,0.000000',b'Port,4,180.234200,-1.559500,78.079800,1.880200,36.987600,-0.755000,2584.146900,-1.103100,54.742300,-1.116700,64.771500,-1.901600'
1686750271.6977696 ,b'Port,1,130.431200,-0.915700,379.460800,-0.362000,77.504200,1.088500,104.307300,1.171800,99.887300,-4.485600,28.383300,2.496800',b'Port,2,1.000000,1.000000,1.000000,1.000000,1.000000,1.000000,1.000000,1.000000,1.000000,1.000000,1.000000,1.000000',b'Port,3,0.000000,0.000000,0.000000,0.000000,0.000000,0.000000,0.000000,0.000000,0.000000,0.000000,0.000000,0.000000',b'Port,4,180.700300,-1.589000,75.214800,1.906300,36.895500,-0.770000,1040.808700,-1.653900,53.519200,-1.103200,64.288200,-1.841800'
1686750271.9084582 ,b'Port,1,134.187000,-0.964100,452.964700,-0.257100,77.386500,1.031700,105.292800,1.145600,106.773100,-4.474400,28.672100,2.479100',b'Port,2,1.000000,1.000000,1.000000,1.000000,1.000000,1.000000,1.000000,1.000000,1.000000,1.000000,1.000000,1.000000',b'Port,3,0.000000,0.000000,0.000000,0.000000,0.000000,0.000000,0.000000,0.000000,0.000000,0.000000,0.000000,0.000000',b'Port,4,187.403300,-1.519300,74.284200,1.896200,36.842700,-0.766500,1288.017800,-1.704200,53.661000,-1.090200,64.235600,-1.856900'
1686750272.119206 ,b'Port,1,119.054400,-0.899400,552.758500,-0.486000,74.209900,1.006400,112.393400,1.128100,105.285000,-4.469500,29.968300,2.480500',b'Port,2,1.000000,1.000000,1.000000,1.000000,1.000000,1.000000,1.000000,1.000000,1.000000,1.000000,1.000000,1.000000',b'Port,3,0.000000,0.000000,0.000000,0.000000,0.000000,0.000000,0.000000,0.000000,0.000000,0.000000,0.000000,0.000000',b'Port,4,165.164300,-1.488900,76.049900,1.920400,37.890600,-0.770500,557.301400,-1.062300,52.699300,-1.071600,64.602000,-1.849200'
1686750272.3298585 ,b'Port,1,119.671900,-0.889200,498.214900,-0.454400,76.756300,0.962400,119.264400,1.161500,106.860500,-4.468900,28.932100,2.477900',b'Port,2,1.000000,1.000000,1.000000,1.000000,1.000000,1.000000,1.000000,1.000000,1.000000,1.000000,1.000000,1.000000',b'Port,3,0.000000,0.000000,0.000000,0.000000,0.000000,0.000000,0.000000,0.000000,0.000000,0.000000,0.000000,0.000000',b'Port,4,175.919700,-1.549900,77.657300,1.903900,37.330400,-0.775800,705.029400,-1.257300,52.040700,-1.075800,65.815400,-1.852700'
